0
7649
14876
21280
26509
30273
32364
32666
31163
27938
23170
17121
10126
2571
-5126
-12539
-19260
-24916
-29196
-31862
-32767
-31862
-29196
-24916
-19260
-12539
-5126
2571
10126
17121
23170
27938
31163
32666
32364
30273
26509
21280
14876
7649
0
-7649
-14876
-21280
-26509
-30273
-32364
-32666
-31163
-27938
-23170
-17121
-10126
-2571
5126
12539
19260
24916
29196
31862
32767
31862
29196
24916
19260
12539
5126
-2571
-10126
-17121
-23170
-27938
-31163
-32666
-32364
-30273
-26509
-21280
-14876
-7649
0
7649
14876
21280
26509
30273
32364
32666
31163
27938
23170
17121
10126
2571
-5126
-12539
-19260
-24916
-29196
-31862
-32767
-31862
-29196
-24916
-19260
-12539
-5126
2571
10126
17121
23170
27938
31163
32666
32364
30273
26509
21280
14876
7649
0
-7649
-14876
-21280
-26509
-30273
-32364
-32666
-31163
-27938
-23170
-17121
-10126
-2571
5126
16383
22555
27481
30888
32587
32487
30591
27004
21925
15635
8481
858
-6813
-14107
-20621
-25996
-29934
-32218
-32722
-31418
-28377
-23768
-17846
-10938
-3425
4277
11743
18559
24351
28796
31650
32756
32051
29575
25465
19947
13328
5971
-1715
-9306
-16383
-22555
-27481
-30888
-32587
-32487
-30591
-27004
-21925
-15635
-8481
-858
6813
14107
20621
25996
29934
32218
32722
31418
28377
23768
17846
10938
3425
-4277
-11743
-18559
-24351
-28796
-31650
-32756
-32051
-29575
-25465
-19947
-13328
-5971
1715
9306
16383
22555
27481
30888
32587
32487
30591
27004
21925
15635
8481
858
-6813
-14107
-20621
-25996
-29934
-32218
-32722
-31418
-28377
-23768
-17846
-10938
-3425
4277
11743
18559
24351
28796
31650
32756
32051
29575
25465
19947
13328
5971
-1715
-9306
-16383
-22555
-27481
-30888
-32587
-32487
-30591
-27004
-21925
-15635
-8481
-858
6813
14107
20621
23170
27938
31163
32666
32364
30273
26509
21280
14876
7649
0
-7649
-14876
-21280
-26509
-30273
-32364
-32666
-31163
-27938
-23170
-17121
-10126
-2571
5126
12539
19260
24916
29196
31862
32767
31862
29196
24916
19260
12539
5126
-2571
-10126
-17121
-23170
-27938
-31163
-32666
-32364
-30273
-26509
-21280
-14876
-7649
0
7649
14876
21280
26509
30273
32364
32666
31163
27938
23170
17121
10126
2571
-5126
-12539
-19260
-24916
-29196
-31862
-32767
-31862
-29196
-24916
-19260
-12539
-5126
2571
10126
17121
23170
27938
31163
32666
32364
30273
26509
21280
14876
7649
0
-7649
-14876
-21280
-26509
-30273
-32364
-32666
-31163
-27938
-23170
-17121
-10126
-2571
5126
12539
19260
24916
29196
31862
32767
31862
29196
24916
19260
12539
5126
-2571
-10126
-17121
-23170
-27938
-31163
-32666
-32364
-30273
-26509
-21280
-14876
-7649
0
7649
14876
21280
26509
32767
31862
29196
24916
19260
12539
5126
-2571
-10126
-17121
-23170
-27938
-31163
-32666
-32364
-30273
-26509
-21280
-14876
-7649
0
7649
14876
21280
26509
30273
32364
32666
31163
27938
23170
17121
10126
2571
-5126
-12539
-19260
-24916
-29196
-31862
-32767
-31862
-29196
-24916
-19260
-12539
-5126
2571
10126
17121
23170
27938
31163
32666
32364
30273
26509
21280
14876
7649
0
-7649
-14876
-21280
-26509
-30273
-32364
-32666
-31163
-27938
-23170
-17121
-10126
-2571
5126
12539
19260
24916
29196
31862
32767
31862
29196
24916
19260
12539
5126
-2571
-10126
-17121
-23170
-27938
-31163
-32666
-32364
-30273
-26509
-21280
-14876
-7649
0
7649
14876
21280
26509
30273
32364
32666
31163
27938
23170
17121
10126
2571
-5126
-12539
-19260
-24916
-29196
-31862
-32767
-31862
-29196
-24916
-19260
-12539
-5126
2571
10126
17121
23170
27938
31163
32666
32364
28377
23768
17846
10938
3425
-4277
-11743
-18559
-24351
-28796
-31650
-32756
-32051
-29575
-25465
-19947
-13328
-5971
1715
9306
16383
22555
27481
30888
32587
32487
30591
27004
21925
15635
8481
858
-6813
-14107
-20621
-25996
-29934
-32218
-32722
-31418
-28377
-23768
-17846
-10938
-3425
4277
11743
18559
24351
28796
31650
32756
32051
29575
25465
19947
13328
5971
-1715
-9306
-16383
-22555
-27481
-30888
-32587
-32487
-30591
-27004
-21925
-15635
-8481
-858
6813
14107
20621
25996
29934
32218
32722
31418
28377
23768
17846
10938
3425
-4277
-11743
-18559
-24351
-28796
-31650
-32756
-32051
-29575
-25465
-19947
-13328
-5971
1715
9306
16384
22555
27481
30888
32587
32487
30591
27004
21925
15635
8481
858
-6813
-14107
-20621
-25996
-29934
-32218
-32722
-31418
-28377
-23768
-17846
-10938
-3425
4277
11743
18559
24351
28796
31650
32756
32051
29575
25465
0
7599
14784
21163
26388
30173
32314
32692
31288
28178
23531
17601
10711
3237
-4413
-11823
-18588
-24339
-28763
-31619
-32751
-32097
-29692
-25669
-20245
-13718
-6443
1184
8746
15831
22053
27072
30615
32489
32591
30916
27555
22692
16591
9586
2057
-5583
-12919
-19550
-25116
-29312
-31909
-32767
-31837
-29172
-24916
-19302
-12634
-5278
2366
9880
16857
22914
27721
31017
32622
32447
30504
26897
21823
15560
8448
875
-6746
-13998
-20487
-25859
-29821
-32157
-32740
-31537
-28614
-24131
-18333
-11534
-4107
3545
11003
17861
23745
28334
31378
32712
32261
30052
26203
20926
14508
7299
-309
-7899
-15059
-21398
-26569
-30292
-32364
-32670
-31195
-28019
-23315
-17340
-10419
-2930
4719
12110
18841
24545
28910
31699
32759
32033
29560
25476
20002
13437
6140
-1492
-9043
-16100
-22280
-27245
-30724
-32528
-32558
-30812
-27387
-22468
-16324
-9290
-1749
16383
22518
27425
30836
32565
32519
30700
27207
22230
16041
8977
1424
-6207
-13500
-20056
-25519
-29590
-32047
-32757
-31681
-28878
-24499
-18785
-12046
-4651
2998
10484
17398
23363
28054
31216
32675
32353
30266
26529
21346
14998
7833
240
-7365
-14569
-20979
-26244
-30079
-32273
-32708
-31359
-28300
-23697
-17803
-10938
-3476
4175
11598
18389
24178
28648
31555
32742
32144
29793
25817
20434
13936
6678
-943
-8514
-15620
-21874
-26936
-30529
-32457
-32615
-30995
-27684
-22864
-16798
-9815
-2297
5346
12698
19357
24961
29203
31854
32767
31893
29281
25072
19495
12856
5515
-2126
-9651
-16650
-22741
-27592
-30939
-32598
-32480
-30591
-27033
-22002
-15771
-8679
-1115
6510
13781
20299
25711
29721
32110
32749
31601
28730
24293
18531
11759
4345
-3306
-10776
-17659
-23579
-28213
-31308
-32697
-32302
-30147
-26347
-21110
-14723
-7532
69
7666
14845
23170
27912
31131
32654
32395
30370
26689
21553
15242
8099
515
-7098
-14323
-20767
-26079
-29969
-32225
-32723
-31437
-28437
-23886
-18033
-11196
-3749
3902
11341
18162
23992
28513
31480
32731
32196
29906
25985
20648
14184
6947
-669
-8248
-15378
-21669
-26779
-30428
-32418
-32640
-31083
-27830
-23060
-17033
-10077
-2571
5075
12444
19135
24782
29078
31788
32765
31955
29403
25247
19715
13108
5786
-1852
-9389
-16413
-22543
-27443
-30847
-32569
-32515
-30688
-27187
-22204
-16011
-8944
-1389
6241
13531
20083
25540
29604
32055
32757
31673
28861
24477
18757
12014
4617
-3032
-10516
-17427
-23387
-28072
-31226
-32678
-32347
-30253
-26509
-21320
-14968
-7799
-206
7399
14600
21005
26265
30092
32279
32706
31349
28282
23674
17774
10905
3442
-4209
-11630
-18418
-24201
-28664
-31565
-32744
-32137
-29779
-25796
-20407
-13905
-6645
978
8547
15650
21900
32767
31874
29242
25016
19426
12777
5431
-2212
-9733
-16724
-22803
-27638
-30967
-32607
-32468
-30560
-26985
-21938
-15695
-8597
-1029
6594
13858
20367
25764
29757
32127
32746
31578
28689
24235
18460
11679
4260
-3391
-10857
-17731
-23638
-28256
-31334
-32702
-32288
-30113
-26296
-21045
-14646
-7449
154
7749
14922
21280
26479
30233
32339
32681
31242
28099
23423
17470
10565
3084
-4566
-11967
-18715
-24442
-28837
-31659
-32755
-32065
-29627
-25572
-20124
-13578
-6292
1338
8894
15966
22167
27159
30670
32509
32575
30865
27471
22580
16458
9438
1903
-5735
-13061
-19674
-25215
-29380
-31944
-32766
-31801
-29102
-24816
-19177
-12492
-5126
2520
10028
16989
23024
27803
31066
32636
32425
30447
26808
21708
15424
8298
721
-6897
-14138
-20608
-25954
-29885
-32187
-32733
-31495
-28539
-24027
-18204
-11389
-3954
3698
11148
17990
23851
28411
31423
32720
28377
23804
17932
11083
3630
-4022
-11454
-18261
-24073
-28572
-31513
-32736
-32174
-29857
-25912
-20554
-14076
-6829
789
8365
15484
21759
26848
30472
32435
32630
31045
27767
22975
16930
9962
2451
-5194
-12555
-19232
-24860
-29133
-31817
-32766
-31928
-29350
-25171
-19619
-12998
-5667
1972
9504
16517
22630
27509
30888
32582
32500
30646
27120
22116
15906
8828
1269
-6359
-13640
-20178
-25615
-29656
-32079
-32753
-31642
-28804
-24396
-18658
-11903
-4498
3152
10630
17528
23471
28134
31262
32686
32328
30207
26438
21228
14861
7683
86
-7516
-14708
-21097
-26337
-30140
-32300
-32698
-31313
-28221
-23590
-17673
-10792
-3323
4328
11743
18517
24282
28722
31597
32748
32114
29728
25722
20313
13796
6527
-1098
-8663
-15756
-21989
-27024
-30584
-32478
-32600
-30944
-27602
-22754
-16665
-9668
-2143
5498
12840
19481
25060
29273
31889
32767
31858
29211
0
7699
14968
21398
26630
30370
32410
32636
31034
27694
22803
16635
9536
1903
-5836
-13249
-19920
-25476
-29604
-32076
-32751
-31592
-28664
-24131
-18247
-11341
-3800
3954
11486
18375
24235
28739
31633
32755
32044
29538
25378
19797
13108
5684
-2057
-9684
-16768
-22914
-27776
-31083
-32649
-32387
-30312
-26539
-21280
-14830
-7549
154
7849
15105
21514
26719
30428
32433
32622
30984
27611
22692
16502
9389
1749
-5988
-13390
-20042
-25572
-29670
-32107
-32746
-31551
-28589
-24027
-18119
-11196
-3647
4107
11630
18503
24339
28813
31673
32759
32011
29471
25280
19674
12966
5532
-2212
-9831
-16901
-23024
-27857
-31131
-32662
-32364
-30253
-26448
-21163
-14692
-7399
309
7999
15242
21631
26808
30485
32454
32607
30933
27527
22580
16369
9241
1595
-6140
-13531
-20164
-25669
-29736
-32137
-32740
-31509
-28513
-23921
-17990
-11051
-3493
4260
11775
16383
22593
27537
30939
32608
32452
30479
26798
21618
15226
7983
292
-7416
-14708
-21176
-26459
-30260
-32366
-32661
-31126
-27848
-23012
-16886
-9815
-2194
5549
12982
19688
25291
29478
32015
32759
31668
28804
24328
18489
11614
4090
-3664
-11212
-18133
-24038
-28597
-31555
-32746
-32103
-29663
-25562
-20029
-13375
-5971
1766
9405
16517
22704
27620
30989
32623
32430
30422
26709
21501
15090
7833
137
-7566
-14845
-21294
-26549
-30319
-32390
-32648
-31077
-27767
-22901
-16754
-9668
-2040
5701
13123
19811
25389
29545
32047
32755
31628
28730
24224
18361
11470
3937
-3817
-11357
-18261
-24143
-28673
-31597
-32751
-32072
-29597
-25465
-19906
-13233
-5819
1920
9553
16650
22815
27703
31039
32637
32408
30364
26620
21385
14952
7683
-17
-7716
-14983
-21411
-26640
-30377
-32413
-32634
-31028
-27684
-22791
-16621
-9520
-1886
5853
13265
19934
25486
23170
27965
31195
32678
32331
30173
26326
21005
14508
7198
-515
-8199
-15424
-21785
-26926
-30560
-32482
-32586
-30865
-27415
-22431
-16190
-9043
-1389
6342
13718
20326
25796
29821
32177
32731
31452
28411
23780
17817
10857
3289
-4464
-11967
-18799
-24579
-28982
-31763
-32765
-31932
-29312
-25049
-19385
-12634
-5177
2571
10174
17208
23279
28045
31242
32689
32305
30113
26234
20886
14369
7047
-669
-8348
-15560
-21900
-27014
-30615
-32502
-32569
-30812
-27330
-22318
-16056
-8894
-1235
6493
13858
20447
25891
29885
32206
32723
31408
28334
23674
17688
10711
3135
-4617
-12110
-18925
-24681
-29054
-31801
-32766
-31897
-29242
-24950
-19260
-12492
-5024
2725
10321
17340
23387
28125
31288
32699
32279
30052
26141
20767
14230
6897
-823
-8497
-15695
-22015
-27101
-30670
-32521
-32552
-30759
-27245
-22204
-15921
-8746
-1081
6645
13998
20568
25985
29948
32767
31850
29149
24816
19093
12301
4821
-2930
-10516
-17514
-23531
-28230
-31349
-32712
-32243
-29969
-26017
-20608
-14045
-6695
1029
8696
15876
22167
27216
30742
32546
32528
30688
27130
22053
15740
8547
875
-6846
-14184
-20727
-26110
-30031
-32270
-32702
-31303
-28151
-23423
-17383
-10370
-2776
4973
12444
19218
24916
29219
31886
32767
31813
29078
24715
18967
12158
4668
-3084
-10662
-17644
-23638
-28308
-31393
-32720
-32215
-29906
-25923
-20487
-13905
-6544
1184
8845
16011
22280
27302
30795
32563
32509
30633
27043
21938
15605
8398
721
-6997
-14323
-20847
-26203
-30092
-32297
-32692
-31257
-28072
-23315
-17252
-10223
-2622
5126
12587
19343
25016
29289
31921
32766
31776
29006
24613
18841
12014
4515
-3237
-10808
-17774
-23745
-28386
-31437
-32728
-32187
-29843
-25828
-20367
-13765
-6393
1338
8993
16145
22393
27387
30847
32580
32489
30578
28377
23733
17760
10792
3220
-4532
-12030
-18855
-24624
-29014
-31780
-32766
-31917
-29281
-25005
-19329
-12571
-5109
2639
10240
17267
23327
28081
31262
32693
32294
30086
26193
20834
14308
6980
-738
-8414
-15620
-21951
-27053
-30640
-32511
-32562
-30789
-27292
-22267
-15996
-8828
-1166
6561
13920
20501
25933
29913
32218
32719
31388
28300
23626
17630
10646
3067
-4685
-12174
-18981
-24726
-29086
-31817
-32767
-31882
-29211
-24905
-19204
-12428
-4956
2793
10386
17398
23435
28160
31308
32703
32267
30024
26100
20714
14168
6829
-892
-8564
-15756
-22065
-27139
-30694
-32530
-32544
-30736
-27207
-22154
-15861
-8679
-1012
6712
14060
20621
26027
29976
32246
32711
31344
28221
23519
17499
10500
2913
-4838
-12317
-19107
-24827
-29157
-31854
-32767
-31846
-29141
-24804
-19079
-12285
-4804
2947
10533
17528
23543
28239
31354
32713
32240
29962
26006
20594
32767
32767
32767
32767
32767
32767
32767
32767
32767
32767
32767
32767
32767
32767
-32767
-32767
-32767
-32767
-32767
-32767
-32767
-32767
-32767
-32767
-32767
-32767
-32767
32767
32767
32767
32767
32767
32767
32767
32767
32767
32767
32767
32767
32767
-32767
-32767
-32767
-32767
-32767
-32767
-32767
-32767
-32767
-32767
-32767
-32767
-32767
-32767
32767
32767
32767
32767
32767
32767
32767
32767
32767
32767
32767
32767
32767
-32767
-32767
-32767
-32767
-32767
-32767
-32767
-32767
-32767
-32767
-32767
-32767
-32767
32767
32767
32767
32767
32767
32767
32767
32767
32767
32767
32767
32767
32767
32767
-32767
-32767
-32767
-32767
-32767
-32767
-32767
-32767
-32767
-32767
-32767
-32767
-32767
32767
32767
32767
32767
32767
32767
32767
32767
32767
32767
32767
32767
32767
-32767
-32767
-32767
-32767
-32767
-32767
-32767
-32767
-32767
-32767
-32767
-32767
-32767
-32767
32767
32767
32767
32767
32767
32767
32767
32767
32767
32767
32767
32767
32767
-32767
-32767
-32767
-32767
-32767
-32767
-32767
-32767
-32767
-32767
-32767
-32767
-32767
32767
32767
32767
32767
32767
32767
32767
32767
32767
32767
32767
32767
32767
-32767
-32767
-32767
-32767
-32767
-32767
-32767
-32767
-32767
-32767
-32767
-32767
-32767
-32767
32767
32767
32767
32767
32767
32767
32767
32767
32767
32767
32767
32767
32767
-32767
-32767
-32767
-32767
-32767
-32767
-32767
-32767
-32767
-32767
-32767
-32767
-32767
32767
32767
32767
32767
32767
32767
32767
32767
32767
32767
32767
32767
32767
32767
-32767
-32767
-32767
-32767
-32767
-32767
-32767
-32767
-32767
-32767
-32767
-32767
-32767
32767
32767
32767
32767
32767
32767
32767
32767
32767
32767
32767
32767
32767
-32767
-32767
-32767
-32767
-32767
-32767
-32767
-32767
-32767
-32767
-32767
-32767
-32767
-32767
32767
32767
32767
32767
32767
32767
32767
32767
32767
32767
32767
32767
32767
-32767
-32767
-32767
-32767
-32767
-32767
-32767
-32767
-32767
-32767
-32767
-32767
-32767
-32767
32767
32767
32767
32767
32767
32767
32767
32767
32767
32767
32767
32767
32767
-32767
-32767
-32767
-32767
-32767
-32767
-32767
-32767
-32767
-32767
-32767
-32767
-32767
32767
32767
32767
32767
32767
32767
32767
32767
32767
32767
32767
32767
32767
32767
-32767
-32767
-32767
-32767
-32767
-32767
-32767
-32767
-32767
-32767
-32767
-32767
-32767
32767
32767
32767
32767
32767
32767
32767
32767
32767
32767
32767
32767
32767
-32767
-32767
-32767
-32767
-32767
-32767
-32767
-32767
-32767
-32767
-32767
-32767
-32767
-32767
32767
32767
32767
32767
32767
32767
32767
32767
32767
32767
32767
32767
32767
-32767
-32767
-32767
-32767
-32767
-32767
-32767
-32767
-32767
-32767
-32767
-32767
-32767
32767
32767
32767
32767
32767
32767
32767
32767
32767
32767
32767
32767
-32767
-32767
-32767
-32767
-32767
-32767
-32767
-32767
-32767
-32767
-32767
-32767
-32767
32767
32767
32767
32767
32767
32767
32767
32767
32767
32767
32767
32767
32767
32767
-32767
-32767
-32767
-32767
-32767
-32767
-32767
-32767
-32767
-32767
-32767
-32767
-32767
32767
32767
32767
32767
32767
32767
32767
32767
32767
32767
32767
32767
32767
-32767
-32767
-32767
-32767
-32767
-32767
-32767
-32767
-32767
-32767
-32767
-32767
-32767
-32767
32767
32767
32767
32767
32767
32767
32767
32767
32767
32767
32767
32767
32767
-32767
-32767
-32767
-32767
-32767
-32767
-32767
-32767
-32767
-32767
-32767
-32767
-32767
32767
32767
32767
32767
32767
32767
32767
32767
32767
32767
32767
32767
32767
32767
-32767
-32767
-32767
-32767
-32767
-32767
-32767
-32767
-32767
-32767
-32767
-32767
-32767
32767
32767
32767
32767
32767
32767
32767
32767
32767
32767
32767
32767
32767
-32767
-32767
-32767
-32767
-32767
-32767
-32767
-32767
-32767
-32767
-32767
-32767
-32767
32767
32767
32767
32767
32767
32767
32767
32767
32767
32767
32767
32767
32767
32767
-32767
-32767
-32767
-32767
-32767
-32767
-32767
-32767
-32767
-32767
-32767
-32767
-32767
32767
32767
32767
32767
32767
32767
32767
32767
32767
32767
32767
32767
32767
-32767
-32767
-32767
-32767
-32767
-32767
-32767
-32767
-32767
-32767
-32767
-32767
-32767
-32767
32767
32767
32767
32767
32767
32767
32767
32767
32767
32767
32767
32767
32767
-32767
-32767
-32767
-32767
-32767
-32767
-32767
-32767
-32767
-32767
-32767
-32767
-32767
32767
32767
32767
32767
32767
32767
32767
32767
32767
32767
32767
32767
32767
32767
-32767
-32767
-32767
-32767
-32767
-32767
-32767
-32767
-32767
-32767
-32767
-32767
-32767
32767
32767
32767
32767
32767
32767
32767
32767
32767
32767
32767
32767
32767
32767
32767
32767
32767
32767
32767
32767
32767
32767
32767
32767
-32767
-32767
-32767
-32767
-32767
-32767
-32767
-32767
-32767
-32767
-32767
-32767
-32767
32767
32767
32767
32767
32767
32767
32767
32767
32767
32767
32767
32767
32767
32767
-32767
-32767
-32767
-32767
-32767
-32767
-32767
-32767
-32767
-32767
-32767
-32767
-32767
32767
32767
32767
32767
32767
32767
32767
32767
32767
32767
32767
32767
32767
32767
-32767
-32767
-32767
-32767
-32767
-32767
-32767
-32767
-32767
-32767
-32767
-32767
-32767
32767
32767
32767
32767
32767
32767
32767
32767
32767
32767
32767
32767
32767
-32767
-32767
-32767
-32767
-32767
-32767
-32767
-32767
-32767
-32767
-32767
-32767
-32767
-32767
32767
32767
32767
32767
32767
32767
32767
32767
32767
32767
32767
32767
32767
-32767
-32767
-32767
-32767
-32767
-32767
-32767
-32767
-32767
-32767
-32767
-32767
-32767
-32767
32767
32767
32767
32767
32767
32767
32767
32767
32767
32767
32767
32767
-32767
-32767
-32767
-32767
-32767
-32767
-32767
-32767
-32767
-32767
-32767
-32767
-32767
32767
32767
32767
32767
32767
32767
32767
32767
32767
32767
32767
32767
32767
32767
-32767
-32767
-32767
-32767
-32767
-32767
-32767
-32767
-32767
-32767
-32767
-32767
-32767
32767
32767
32767
32767
32767
32767
32767
32767
32767
32767
32767
32767
32767
-32767
-32767
-32767
-32767
-32767
-32767
-32767
-32767
-32767
-32767
-32767
-32767
-32767
-32767
32767
32767
32767
32767
32767
32767
32767
32767
32767
32767
32767
32767
32767
-32767
-32767
-32767
-32767
-32767
-32767
-32767
-32767
-32767
-32767
-32767
-32767
-32767
-32767
32767
32767
32767
32767
32767
32767
32767
32767
32767
32767
32767
32767
32767
-32767
-32767
-32767
-32767
-32767
-32767
-32767
-32767
-32767
-32767
-32767
-32767
-32767
32767
32767
32767
32767
32767
32767
32767
32767
32767
32767
32767
32767
32767
32767
-32767
-32767
-32767
-32767
-32767
-32767
-32767
-32767
-32767
-32767
-32767
-32767
-32767
32767
32767
32767
32767
32767
32767
32767
32767
32767
32767
32767
32767
32767
-32767
-32767
-32767
-32767
-32767
-32767
-32767
-32767
-32767
-32767
-32767
-32767
-32767
-32767
32767
32767
32767
32767
32767
32767
32767
32767
32767
32767
32767
32767
32767
-32767
-32767
-32767
-32767
-32767
-32767
-32767
-32767
-32767
-32767
-32767
-32767
-32767
-32767
32767
32767
32767
32767
32767
32767
32767
32767
32767
32767
32767
32767
32767
-32767
-32767
-32767
-32767
-32767
-32767
-32767
-32767
-32767
-32767
-32767
-32767
-32767
-32767
32767
32767
32767
32767
32767
32767
32767
32767
32767
32767
32767
32767
32767
-32767
-32767
-32767
-32767
-32767
-32767
-32767
-32767
-32767
-32767
-32767
-32767
-32767
32767
32767
32767
32767
32767
32767
32767
32767
32767
32767
32767
-32767
-32767
-32767
-32767
-32767
-32767
-32767
-32767
-32767
-32767
-32767
-32767
-32767
-32767
32767
32767
32767
32767
32767
32767
32767
32767
32767
32767
32767
32767
32767
-32767
-32767
-32767
-32767
-32767
-32767
-32767
-32767
-32767
-32767
-32767
-32767
-32767
32767
32767
32767
32767
32767
32767
32767
32767
32767
32767
32767
32767
32767
32767
-32767
-32767
-32767
-32767
-32767
-32767
-32767
-32767
-32767
-32767
-32767
-32767
-32767
32767
32767
32767
32767
32767
32767
32767
32767
32767
32767
32767
32767
32767
32767
-32767
-32767
-32767
-32767
-32767
-32767
-32767
-32767
-32767
-32767
-32767
-32767
-32767
32767
32767
32767
32767
32767
32767
32767
32767
32767
32767
32767
32767
32767
32767
-32767
-32767
-32767
-32767
-32767
-32767
-32767
-32767
-32767
-32767
-32767
-32767
-32767
32767
32767
32767
32767
32767
32767
32767
32767
32767
32767
32767
32767
-32767
-32767
-32767
-32767
-32767
-32767
-32767
-32767
-32767
-32767
-32767
-32767
-32767
32767
32767
32767
32767
32767
32767
32767
32767
32767
32767
32767
32767
32767
32767
-32767
-32767
-32767
-32767
-32767
-32767
-32767
-32767
-32767
-32767
-32767
-32767
-32767
32767
32767
32767
32767
32767
32767
32767
32767
32767
32767
32767
32767
32767
32767
-32767
-32767
-32767
-32767
-32767
-32767
-32767
-32767
-32767
-32767
-32767
-32767
-32767
32767
32767
32767
32767
32767
32767
32767
32767
32767
32767
32767
32767
32767
32767
-32767
-32767
-32767
-32767
-32767
-32767
-32767
-32767
-32767
-32767
-32767
-32767
-32767
32767
32767
32767
32767
32767
32767
32767
32767
32767
32767
32767
32767
32767
-32767
-32767
-32767
-32767
-32767
-32767
-32767
-32767
-32767
-32767
-32767
-32767
-32767
-32767
32767
32767
32767
32767
32767
32767
32767
32767
32767
32767
32767
32767
32767
32767
32767
32767
32767
32767
32767
32767
32767
32767
32767
-32767
-32767
-32767
-32767
-32767
-32767
-32767
-32767
-32767
-32767
-32767
-32767
-32767
32767
32767
32767
32767
32767
32767
32767
32767
32767
32767
32767
32767
32767
-32767
-32767
-32767
-32767
-32767
-32767
-32767
-32767
-32767
-32767
-32767
-32767
-32767
32767
32767
32767
32767
32767
32767
32767
32767
32767
32767
32767
32767
32767
32767
-32767
-32767
-32767
-32767
-32767
-32767
-32767
-32767
-32767
-32767
-32767
-32767
-32767
32767
32767
32767
32767
32767
32767
32767
32767
32767
32767
32767
32767
32767
-32767
-32767
-32767
-32767
-32767
-32767
-32767
-32767
-32767
-32767
-32767
-32767
-32767
32767
32767
32767
32767
32767
32767
32767
32767
32767
32767
32767
32767
32767
32767
-32767
-32767
-32767
-32767
-32767
-32767
-32767
-32767
-32767
-32767
-32767
-32767
-32767
32767
32767
32767
32767
32767
32767
32767
32767
32767
32767
32767
32767
32767
32767
-32767
-32767
-32767
-32767
-32767
-32767
-32767
-32767
-32767
-32767
-32767
-32767
-32767
32767
32767
32767
32767
32767
32767
32767
32767
32767
32767
32767
32767
32767
-32767
-32767
-32767
-32767
-32767
-32767
-32767
-32767
-32767
-32767
-32767
-32767
-32767
32767
32767
32767
32767
32767
32767
32767
32767
32767
32767
32767
32767
32767
32767
-32767
-32767
-32767
-32767
-32767
-32767
-32767
-32767
-32767
-32767
-32767
-32767
-32767
32767
32767
32767
32767
32767
32767
32767
32767
32767
32767
32767
32767
32767
-32767
-32767
-32767
-32767
-32767
-32767
-32767
-32767
-32767
-32767
-32767
-32767
-32767
32767
32767
32767
32767
32767
32767
32767
32767
32767
32767
32767
32767
32767
-32767
-32767
-32767
-32767
-32767
-32767
-32767
-32767
-32767
-32767
-32767
-32767
-32767
-32767
32767
32767
32767
32767
32767
32767
32767
32767
32767
32767
32767
32767
32767
32767
-32767
-32767
-32767
-32767
-32767
-32767
-32767
-32767
-32767
-32767
-32767
-32767
-32767
-32767
32767
32767
32767
32767
32767
32767
32767
32767
32767
32767
32767
32767
32767
-32767
-32767
-32767
-32767
-32767
-32767
-32767
-32767
-32767
-32767
-32767
-32767
-32767
32767
32767
32767
32767
32767
32767
32767
32767
32767
32767
32767
32767
32767
-32767
-32767
-32767
-32767
-32767
-32767
-32767
-32767
-32767
-32767
-32767
-32767
-32767
-32767
32767
32767
32767
32767
32767
32767
32767
32767
32767
32767
32767
32767
32767
-32767
-32767
-32767
-32767
-32767
-32767
-32767
-32767
-32767
-32767
-32767
-32767
-32767
32767
32767
32767
32767
32767
32767
32767
32767
32767
32767
32767
32767
32767
-32767
-32767
-32767
-32767
-32767
-32767
-32767
-32767
-32767
-32767
-32767
-32767
-32767
-32767
32767
32767
32767
32767
32767
32767
32767
32767
32767
32767
32767
32767
-32767
-32767
-32767
-32767
-32767
-32767
-32767
-32767
-32767
-32767
-32767
-32767
-32767
32767
32767
32767
32767
32767
32767
32767
32767
32767
32767
32767
32767
32767
32767
-32767
-32767
-32767
-32767
-32767
-32767
-32767
-32767
-32767
-32767
-32767
-32767
-32767
32767
32767
32767
32767
32767
32767
32767
32767
32767
32767
32767
32767
32767
-32767
-32767
-32767
-32767
-32767
-32767
-32767
-32767
-32767
-32767
-32767
-32767
-32767
32767
32767
32767
32767
32767
32767
32767
32767
32767
32767
32767
32767
32767
32767
-32767
-32767
-32767
-32767
-32767
-32767
-32767
-32767
-32767
-32767
-32767
-32767
-32767
32767
32767
32767
32767
32767
32767
32767
32767
32767
32767
32767
32767
32767
-32767
-32767
-32767
-32767
-32767
-32767
-32767
-32767
-32767
-32767
-32767
-32767
-32767
32767
32767
32767
32767
32767
32767
32767
32767
32767
32767
32767
32767
32767
32767
-32767
-32767
-32767
-32767
-32767
-32767
-32767
-32767
-32767
-32767
-32767
-32767
-32767
32767
32767
32767
32767
32767
32767
32767
32767
32767
32767
32767
32767
32767
-32767
-32767
-32767
-32767
-32767
-32767
-32767
-32767
-32767
-32767
-32767
-32767
-32767
-32767
32767
32767
32767
32767
32767
32767
32767
32767
32767
32767
32767
32767
32767
-32767
-32767
-32767
-32767
-32767
-32767
-32767
-32767
-32767
-32767
-32767
-32767
-32767
32767
32767
32767
32767
32767
32767
32767
32767
32767
32767
32767
32767
32767
-32767
-32767
-32767
-32767
-32767
-32767
-32767
-32767
-32767
-32767
-32767
-32767
-32767
-32767
32767
32767
32767
32767
32767
32767
32767
32767
32767
32767
32767
32767
32767
-32767
-32767
-32767
-32767
-32767
-32767
-32767
-32767
-32767
-32767
-32767
-32767
-32767
32767
32767
32767
32767
32767
32767
32767
32767
32767
32767
32767
-32767
-27852
-22937
-18022
-13107
-8192
-3277
1638
6553
11468
16384
21299
26214
31129
29490
24575
19660
14745
9830
4915
0
-4915
-9830
-14745
-19660
-24575
-29490
-31129
-26214
-21299
-16384
-11468
-6553
-1638
3277
8192
13107
18022
22937
27852
32767
27852
22937
18022
13107
8192
3277
-1638
-6553
-11468
-16384
-21299
-26214
-31129
-29490
-24575
-19660
-14745
-9830
-4915
0
4915
9830
14745
19660
24575
29490
31129
26214
21299
16384
11468
6553
1638
-3277
-8192
-13107
-18022
-22937
-27852
-32767
-27852
-22937
-18022
-13107
-8192
-3277
1638
6553
11468
16384
21299
26214
31129
29490
24575
19660
14745
9830
4915
0
-4915
-9830
-14745
-19660
-24575
-29490
-31129
-26214
-21299
-16383
-11468
-6553
-1638
3277
8192
13107
18022
22937
27852
32767
27852
22937
18022
13107
8192
3277
-1638
-6553
-11468
-16383
-21299
-26214
-31129
-29490
-21845
-16930
-12015
-7100
-2184
2731
7646
12561
17476
22391
27306
32221
28398
23483
18568
13653
8738
3823
-1092
-6007
-10922
-15837
-20752
-25667
-30583
-30036
-25121
-20206
-15291
-10376
-5461
-546
4369
9284
14199
19114
24029
28944
31675
26760
21845
16930
12015
7100
2184
-2731
-7646
-12561
-17476
-22391
-27306
-32221
-28398
-23483
-18568
-13653
-8738
-3823
1092
6007
10922
15837
20752
25667
30583
30036
25121
20206
15291
10376
5461
546
-4369
-9284
-14199
-19114
-24029
-28944
-31675
-26760
-21845
-16930
-12015
-7100
-2184
2731
7646
12561
17476
22391
27306
32221
28398
23483
18568
13653
8738
3823
-1092
-6007
-10922
-15837
-20752
-25667
-30583
-30036
-25121
-20206
-15291
-10376
-5461
-546
4369
9284
14199
19114
24029
28944
31675
26760
21845
16930
12015
7100
2184
-2731
-7646
-12561
-17476
-22391
-27306
-32221
-28398
-23483
-18568
-16384
-11468
-6553
-1638
3277
8192
13107
18022
22937
27852
32767
27852
22937
18022
13107
8192
3277
-1638
-6553
-11468
-16384
-21299
-26214
-31129
-29490
-24575
-19660
-14745
-9830
-4915
0
4915
9830
14745
19660
24575
29490
31129
26214
21299
16383
11468
6553
1638
-3277
-8192
-13107
-18022
-22937
-27852
-32767
-27852
-22937
-18022
-13107
-8192
-3277
1638
6553
11468
16383
21299
26214
31129
29490
24575
19660
14745
9830
4915
0
-4915
-9830
-14745
-19660
-24575
-29490
-31129
-26214
-21299
-16383
-11468
-6553
-1638
3277
8192
13107
18022
22937
27852
32767
27852
22937
18022
13107
8192
3277
-1638
-6553
-11468
-16384
-21299
-26214
-31129
-29490
-24575
-19660
-14745
-9830
-4915
0
4915
9830
14745
19660
24575
29490
31129
26214
21299
16383
11468
6553
1638
-3277
-8192
-13107
-18022
-22937
-27852
-32767
-27852
-22937
-18022
-13107
0
4915
9830
14745
19660
24575
29490
31129
26214
21299
16384
11468
6553
1638
-3277
-8192
-13107
-18022
-22937
-27852
-32767
-27852
-22937
-18022
-13107
-8192
-3277
1638
6553
11468
16383
21299
26214
31129
29490
24575
19660
14745
9830
4915
0
-4915
-9830
-14745
-19660
-24575
-29490
-31129
-26214
-21299
-16383
-11468
-6553
-1638
3277
8192
13107
18022
22937
27852
32767
27852
22937
18022
13107
8192
3277
-1638
-6553
-11468
-16383
-21299
-26214
-31129
-29490
-24575
-19660
-14745
-9830
-4915
0
4915
9830
14745
19660
24575
29490
31129
26214
21299
16383
11468
6553
1638
-3277
-8192
-13107
-18022
-22937
-27852
-32767
-27852
-22937
-18022
-13107
-8192
-3277
1638
6553
11468
16383
21299
26214
31129
29490
24575
19660
14745
9830
4915
0
-4915
-9830
-14745
-19660
-24575
-29490
-31129
-26214
-21299
-16384
-11468
-6553
-1638
3277
10922
15837
20752
25667
30583
30036
25121
20206
15291
10376
5461
546
-4369
-9284
-14199
-19114
-24029
-28944
-31675
-26760
-21845
-16930
-12015
-7100
-2184
2731
7646
12561
17476
22391
27306
32221
28398
23483
18568
13653
8738
3823
-1092
-6007
-10922
-15837
-20752
-25667
-30583
-30036
-25121
-20206
-15291
-10376
-5461
-546
4369
9284
14199
19114
24029
28944
31675
26760
21845
16930
12015
7100
2184
-2731
-7646
-12561
-17476
-22391
-27306
-32221
-28398
-23483
-18568
-13653
-8738
-3823
1092
6007
10922
15837
20752
25667
30583
30036
25121
20206
15291
10376
5461
546
-4369
-9284
-14199
-19114
-24029
-28944
-31675
-26760
-21845
-16930
-12015
-7100
-2184
2731
7646
12561
17476
22391
27306
32221
28398
23483
18568
13653
8738
3823
-1092
-6007
-10922
-15837
-20752
-25667
-30583
-30036
-25121
-20206
-15291
-10376
-5461
-546
4369
9284
14199
-32767
-27885
-23002
-18120
-13238
-8356
-3473
1409
6291
11174
16056
20938
25820
30703
29949
25067
20184
15302
10420
5538
655
-4227
-9109
-13992
-18874
-23756
-28638
-32013
-27131
-22249
-17367
-12484
-7602
-2720
2163
7045
11927
16809
21692
26574
31456
29195
24313
19431
14549
9666
4784
-98
-4981
-9863
-14745
-19627
-24510
-29392
-31260
-26377
-21495
-16613
-11731
-6848
-1966
2916
7799
12681
17563
22445
27328
32210
28442
23559
18677
13795
8913
4030
-852
-5734
-10617
-15499
-20381
-25263
-30146
-30506
-25624
-20742
-15859
-10977
-6095
-1212
3670
8552
13434
18317
23199
28081
32570
27688
22806
17924
13041
8159
3277
-1606
-6488
-11370
-16252
-21135
-26017
-30899
-29752
-24870
-19988
-15106
-10223
-5341
-459
4424
9306
14188
19070
23953
28835
31817
26934
22052
17170
12288
7405
2523
-2359
-7242
-12124
-17006
-21888
-26771
-31653
-21845
-16962
-12080
-7198
-2316
2567
7449
12331
17214
22096
26978
31860
28791
23909
19027
14144
9262
4380
-502
-5385
-10267
-15149
-20032
-24914
-29796
-30856
-25973
-21091
-16209
-11326
-6444
-1562
3320
8203
13085
17967
22850
27732
32614
28038
23155
18273
13391
8508
3626
-1256
-6138
-11021
-15903
-20785
-25667
-30550
-30102
-25220
-20337
-15455
-10573
-5691
-808
4074
8956
13839
18721
23603
28485
32166
27284
22402
17519
12637
7755
2873
-2010
-6892
-11774
-16657
-21539
-26421
-31303
-29348
-24466
-19584
-14701
-9819
-4937
-55
4828
9710
14592
19475
24357
29239
31413
26530
21648
16766
11883
7001
2119
-2763
-7646
-12528
-17410
-22292
-27175
-32057
-28595
-23712
-18830
-13948
-9066
-4183
699
5581
10464
15346
20228
25110
29993
30659
25777
20894
16012
11130
6248
1365
-3517
-8399
-13282
-18164
-23046
-27928
-32723
-27841
-22959
-16384
-11501
-6619
-1737
3146
8028
12910
17792
22675
27557
32439
28212
23330
18448
13566
8683
3801
-1081
-5964
-10846
-15728
-20610
-25493
-30375
-30277
-25394
-20512
-15630
-10748
-5865
-983
3899
8782
13664
18546
23428
28311
32341
27459
22576
17694
12812
7930
3047
-1835
-6717
-11600
-16482
-21364
-26246
-31129
-29523
-24641
-19759
-14876
-9994
-5112
-229
4653
9535
14417
19300
24182
29064
31587
26705
21823
16941
12058
7176
2294
-2589
-7471
-12353
-17235
-22118
-27000
-31882
-28769
-23887
-19005
-14123
-9240
-4358
524
5407
10289
15171
20053
24936
29818
30834
25951
21069
16187
11305
6422
1540
-3342
-8225
-13107
-17989
-22871
-27754
-32636
-28016
-23134
-18251
-13369
-8487
-3604
1278
6160
11042
15925
20807
25689
30572
30080
25198
20316
15433
10551
5669
786
-4096
-8978
-13860
-18743
-23625
-28507
-32144
-27262
-22380
-17498
0
4882
9765
14647
19529
24411
29294
31358
26476
21593
16711
11829
6947
2064
-2818
-7700
-12583
-17465
-22347
-27229
-32112
-28540
-23658
-18775
-13893
-9011
-4129
754
5636
10518
15400
20283
25165
30047
30604
25722
20840
15958
11075
6193
1311
-3572
-8454
-13336
-18218
-23101
-27983
-32669
-27786
-22904
-18022
-13140
-8257
-3375
1507
6390
11272
16154
21036
25919
30801
29851
24968
20086
15204
10322
5439
557
-4325
-9208
-14090
-18972
-23854
-28737
-31915
-27033
-22150
-17268
-12386
-7504
-2621
2261
7143
12025
16908
21790
26672
31555
29097
24215
19333
14450
9568
4686
-197
-5079
-9961
-14843
-19726
-24608
-29490
-31161
-26279
-21397
-16515
-11632
-6750
-1868
3015
7897
12779
17661
22544
27426
32308
28343
23461
18579
13697
8814
3932
-950
-5833
-10715
-15597
-20479
-25362
-30244
-30408
-25525
-20643
-15761
-10879
-5996
-1114
10922
15805
20687
25569
30451
30200
25318
20436
15553
10671
5789
907
-3976
-8858
-13740
-18623
-23505
-28387
-32265
-27382
-22500
-17618
-12735
-7853
-2971
1911
6794
11676
16558
21441
26323
31205
29447
24564
19682
14800
9917
5035
153
-4729
-9612
-14494
-19376
-24259
-29141
-31511
-26629
-21746
-16864
-11982
-7100
-2217
2665
7547
12430
17312
22194
27076
31959
28693
23811
18928
14046
9164
4282
-601
-5483
-10365
-15248
-20130
-25012
-29894
-30757
-25875
-20993
-16110
-11228
-6346
-1464
3419
8301
13183
18066
22948
27830
32712
27939
23057
18175
13292
8410
3528
-1354
-6237
-11119
-16001
-20884
-25766
-30648
-30004
-25121
-20239
-15357
-10475
-5592
-710
4172
9055
13937
18819
23701
28584
32068
27186
22303
17421
12539
7657
2774
-2108
-6990
-11873
-16755
-21637
-26519
-31402
-29250
-24368
-19485
-14603
-9721
-4839
44
4926
9808
-32767
-27819
-22871
-17924
-12976
-8028
-3080
1868
6816
11763
16711
21659
26607
31555
29032
24084
19136
14188
9240
4292
-655
-5603
-10551
-15499
-20447
-25394
-30342
-30244
-25296
-20348
-15400
-10453
-5505
-557
4391
9339
14286
19234
24182
29130
31456
26509
21561
16613
11665
6717
1769
-3178
-8126
-13074
-18022
-22970
-27917
-32669
-27721
-22773
-17825
-12877
-7930
-2982
1966
6914
11862
16809
21757
26705
31653
28933
23985
19038
14090
9142
4194
-754
-5701
-10649
-15597
-20545
-25493
-30441
-30146
-25198
-20250
-15302
-10354
-5407
-459
4489
9437
14385
19333
24280
29228
31358
26410
21462
16515
11567
6619
1671
-3277
-8225
-13172
-18120
-23068
-28016
-32570
-27623
-22675
-17727
-12779
-7831
-2883
2064
7012
11960
16908
21856
26803
31751
28835
23887
18939
13992
9044
4096
-852
-5800
-10748
-15695
-20643
-25591
-30539
-30047
-25100
-21845
-16897
-11949
-7001
-2053
2894
7842
12790
17738
22686
27634
32581
28005
23057
18109
13161
8214
3266
-1682
-6630
-11578
-16525
-21473
-26421
-31369
-29217
-24269
-19322
-14374
-9426
-4478
470
5417
10365
15313
20261
25209
30157
30430
25482
20534
15586
10638
5691
743
-4205
-9153
-14101
-19049
-23996
-28944
-31642
-26694
-21746
-16799
-11851
-6903
-1955
2993
7941
12888
17836
22784
27732
32680
27907
22959
18011
13063
8115
3167
-1780
-6728
-11676
-16624
-21572
-26519
-31467
-29119
-24171
-19223
-14275
-9328
-4380
568
5516
10464
15411
20359
25307
30255
30331
25384
20436
15488
10540
5592
644
-4303
-9251
-14199
-19147
-24095
-29042
-31544
-26596
-21648
-16700
-11752
-6805
-1857
3091
8039
12987
17934
22882
27830
32756
27808
22860
17913
12965
8017
3069
-1879
-6826
-11774
-16722
-21670
-26618
-31566
-29021
-24073
-19125
-14177
-16384
-11436
-6488
-1540
3408
8356
13303
18251
23199
28147
32439
27492
22544
17596
12648
7700
2752
-2195
-7143
-12091
-17039
-21987
-26934
-31882
-28704
-23756
-18808
-13860
-8913
-3965
983
5931
10879
15826
20774
25722
30670
29916
24968
20021
15073
10125
5177
229
-4718
-9666
-14614
-19562
-24510
-29458
-31129
-26181
-21233
-16285
-11337
-6390
-1442
3506
8454
13402
18350
23297
28245
32341
27393
22445
17498
12550
7602
2654
-2294
-7242
-12189
-17137
-22085
-27033
-31981
-28606
-23658
-18710
-13762
-8814
-3867
1081
6029
10977
15925
20873
25820
30768
29818
24870
19922
14975
10027
5079
131
-4817
-9765
-14712
-19660
-24608
-29556
-31030
-26083
-21135
-16187
-11239
-6291
-1343
3604
8552
13500
18448
23396
28343
32243
27295
22347
17399
12451
7504
2556
-2392
-7340
-12288
-17235
-22183
-27131
-32079
-28507
-23559
-18612
-13664
-8716
0
4948
9896
14843
19791
24739
29687
30899
25951
21004
16056
11108
6160
1212
-3735
-8683
-13631
-18579
-23527
-28475
-32112
-27164
-22216
-17268
-12320
-7373
-2425
2523
7471
12419
17367
22314
27262
32210
28376
23428
18481
13533
8585
3637
-1311
-6258
-11206
-16154
-21102
-26050
-30998
-29589
-24641
-19693
-14745
-9797
-4850
98
5046
9994
14942
19890
24837
29785
30801
25853
20905
15958
11010
6062
1114
-3834
-8782
-13729
-18677
-23625
-28573
-32013
-27066
-22118
-17170
-12222
-7274
-2326
2621
7569
12517
17465
22413
27360
32308
28278
23330
18382
13434
8487
3539
-1409
-6357
-11305
-16252
-21200
-26148
-31096
-29490
-24542
-19595
-14647
-9699
-4751
197
5144
10092
15040
19988
24936
29884
30703
25755
20807
15859
10911
5964
1016
-3932
-8880
-13828
-18775
-23723
-28671
-31915
-26967
-22019
-17072
-12124
-7176
-2228
2720
7667
10922
15870
20818
25766
30714
29873
24925
19977
15029
10081
5133
186
-4762
-9710
-14658
-19606
-24553
-29501
-31085
-26137
-21189
-16242
-11294
-6346
-1398
3550
8498
13445
18393
23341
28289
32297
27350
22402
17454
12506
7558
2610
-2337
-7285
-12233
-17181
-22129
-27076
-32024
-28562
-23614
-18666
-13718
-8771
-3823
1125
6073
11021
15968
20916
25864
30812
29774
24826
19879
14931
9983
5035
87
-4860
-9808
-14756
-19704
-24652
-29600
-30987
-26039
-21091
-16143
-11195
-6248
-1300
3648
8596
13544
18492
23439
28387
32199
27251
22303
17356
12408
7460
2512
-2436
-7383
-12331
-17279
-22227
-27175
-32123
-28464
-23516
-18568
-13620
-8672
-3725
1223
6171
11119
16067
21015
25962
30910
29676
24728
19780
14833
9885
4937
-11
-4959
-9907
-14854
-19802
-24750
-29698
-30888
-25941
-20993
-16045
-11097
-6149
-1201
3746
8694
13642
18590
