2048
2526
2977
3377
3704
3939
4070
4089
3995
3793
3495
3118
2681
2209
1728
1265
845
491
224
58
1
58
224
491
845
1265
1728
2209
2681
3118
3495
3793
3995
4089
4070
3939
3704
3377
2977
2526
2048
1570
1119
719
392
157
26
7
101
303
601
978
1415
1887
2368
2831
3251
3605
3872
4038
4095
4038
3872
3605
3251
2831
2368
1887
1415
978
601
303
101
7
26
157
392
719
1119
1570
2048
2526
2977
3377
3704
3939
4070
4089
3995
3793
3495
3118
2681
2209
1728
1265
845
491
224
58
1
58
224
491
845
1265
1728
2209
2681
3118
3495
3793
3995
4089
4070
3939
3704
3377
2977
2526
2048
1570
1119
719
392
157
26
7
101
303
601
978
1415
1887
2368
3072
3457
3765
3978
4084
4077
3959
3735
3418
3025
2578
2102
1622
1167
760
424
178
35
4
85
275
563
933
1365
1834
2315
2782
3207
3569
3847
4025
4094
4050
3896
3639
3294
2881
2421
1941
1467
1025
639
331
118
12
19
137
361
678
1071
1518
1994
2474
2929
3336
3672
3918
4061
4092
4011
3821
3533
3163
2731
2262
1781
1314
889
527
249
71
2
46
200
457
802
1215
1675
2155
2629
3071
3457
3765
3978
4084
4077
3959
3735
3418
3025
2578
2102
1622
1167
760
424
178
35
4
85
275
563
933
1365
1834
2315
2782
3207
3569
3847
4025
4094
4050
3896
3639
3294
2881
2421
1941
1467
1025
639
331
118
12
19
137
361
678
1071
1518
1994
2474
2929
3336
3495
3793
3995
4089
4070
3939
3704
3377
2977
2526
2048
1570
1119
719
392
157
26
7
101
303
601
978
1415
1887
2368
2831
3251
3605
3872
4038
4095
4038
3872
3605
3251
2831
2368
1887
1415
978
601
303
101
7
26
157
392
719
1119
1570
2048
2526
2977
3377
3704
3939
4070
4089
3995
3793
3495
3118
2681
2209
1728
1265
845
491
224
58
1
58
224
491
845
1265
1728
2209
2681
3118
3495
3793
3995
4089
4070
3939
3704
3377
2977
2526
2048
1570
1119
719
392
157
26
7
101
303
601
978
1415
1887
2368
2831
3251
3605
3872
4038
4095
4038
3872
3605
3251
2831
2368
1887
1415
978
601
303
101
7
26
157
392
719
1119
1570
2048
2526
2977
3377
3704
4095
4038
3872
3605
3251
2831
2368
1887
1415
978
601
303
101
7
26
157
392
719
1119
1570
2048
2526
2977
3377
3704
3939
4070
4089
3995
3793
3495
3118
2681
2209
1728
1265
845
491
224
58
1
58
224
491
845
1265
1728
2209
2681
3118
3495
3793
3995
4089
4070
3939
3704
3377
2977
2526
2048
1570
1119
719
392
157
26
7
101
303
601
978
1415
1887
2368
2831
3251
3605
3872
4038
4095
4038
3872
3605
3251
2831
2368
1887
1415
978
601
303
101
7
26
157
392
719
1119
1570
2048
2526
2977
3377
3704
3939
4070
4089
3995
3793
3495
3118
2681
2209
1728
1265
845
491
224
58
1
58
224
491
845
1265
1728
2209
2681
3118
3495
3793
3995
4089
4070
3821
3533
3163
2731
2262
1781
1314
889
527
249
71
2
46
200
457
802
1215
1675
2155
2629
3071
3457
3765
3978
4084
4077
3959
3735
3418
3025
2578
2102
1622
1167
760
424
178
35
4
85
275
563
933
1365
1834
2315
2782
3207
3569
3847
4025
4094
4050
3896
3639
3294
2881
2421
1941
1467
1025
639
331
118
12
19
137
361
678
1071
1518
1994
2474
2929
3336
3672
3918
4061
4092
4011
3821
3533
3163
2731
2262
1781
1314
889
527
249
71
2
46
200
457
802
1215
1675
2155
2629
3072
3457
3765
3978
4084
4077
3959
3735
3418
3025
2578
2102
1622
1167
760
424
178
35
4
85
275
563
933
1365
1834
2315
2782
3207
3569
3847
4025
4094
4050
3896
3639
2048
2523
2972
3370
3696
3933
4067
4090
4003
3808
3518
3148
2717
2250
1772
1309
887
527
251
73
2
43
193
444
783
1191
1645
2122
2594
3037
3426
3739
3961
4078
4084
3979
3769
3466
3084
2647
2177
1699
1241
827
479
217
55
1
59
226
491
842
1259
1718
2196
2665
3101
3479
3780
3986
4086
4075
3954
3728
3411
3020
2576
2103
1627
1174
768
433
185
39
3
78
260
540
903
1327
1791
2269
2735
3164
3531
3818
4008
4092
4063
3925
3685
3355
2954
2504
2029
1555
1107
711
388
156
26
7
99
298
591
965
1397
1865
2343
2805
3225
3581
3854
4028
4095
4049
3895
3639
3298
2887
2432
1955
1483
1042
656
346
129
16
14
123
337
644
1028
1468
1939
3072
3455
3761
3974
4082
4080
3966
3748
3437
3050
2609
2137
1660
1205
795
454
199
46
2
69
244
517
874
1295
1757
2235
2703
3135
3508
3801
3998
4089
4069
3939
3705
3381
2985
2537
2063
1588
1138
737
408
169
32
5
89
280
568
936
1365
1831
2309
2773
3197
3558
3838
4019
4093
4056
3909
3661
3325
2919
2465
1989
1516
1072
681
365
141
20
10
112
319
620
999
1435
1904
2382
2841
3257
3607
3872
4038
4095
4040
3877
3614
3266
2851
2393
1915
1445
1008
627
324
115
12
19
137
359
674
1063
1506
1978
2455
2909
3316
3654
3905
4054
4094
4022
3843
3566
3206
2783
2319
1841
1375
945
575
286
92
5
30
165
402
729
1128
1577
2052
2527
2975
3495
3792
3993
4088
4072
3945
3715
3394
3000
2554
2080
1605
1153
751
419
176
35
4
84
272
556
921
1349
1814
2292
2757
3183
3547
3829
4015
4093
4059
3916
3671
3338
2934
2482
2006
1533
1087
694
375
147
23
9
106
309
607
984
1419
1887
2365
2825
3243
3596
3865
4034
4095
4044
3885
3625
3280
2867
2409
1932
1461
1023
640
334
121
13
17
131
350
661
1048
1489
1961
2438
2893
3303
3644
3897
4050
4094
4027
3851
3577
3220
2799
2336
1859
1391
959
587
294
97
7
27
158
392
716
1113
1561
2035
2510
2960
3360
3689
3928
4065
4091
4006
3815
3527
3158
2729
2263
1785
1321
897
536
257
76
2
40
188
436
773
1179
1633
2109
2582
3026
3416
4095
4039
3875
3611
3262
2846
2387
1910
1440
1003
623
321
113
11
20
139
362
677
1067
1511
1984
2460
2914
3320
3658
3907
4055
4094
4021
3840
3562
3201
2778
2314
1836
1370
940
571
283
91
5
31
167
405
733
1133
1583
2058
2532
2980
3377
3702
3937
4068
4090
4000
3803
3511
3139
2708
2241
1763
1300
879
521
247
70
2
45
197
450
791
1200
1655
2132
2604
3045
3433
3745
3964
4079
4083
3976
3764
3459
3076
2638
2167
1690
1232
819
473
213
52
1
61
230
498
850
1268
1728
2205
2674
3109
3486
3785
3989
4087
4074
3950
3723
3404
3012
2566
2093
1617
1165
761
427
181
37
3
80
265
547
911
1336
1801
2279
2744
3172
3538
3823
4011
4092
3821
3535
3168
2740
2275
1797
1332
907
544
263
79
3
38
183
429
764
1169
1621
2097
2571
3015
3407
3725
3952
4074
4086
3987
3783
3483
3106
2670
2201
1724
1264
847
495
228
60
1
53
214
476
822
1236
1694
2171
2642
3080
3462
3767
3978
4083
4078
3962
3742
3430
3042
2600
2127
1651
1196
787
448
195
44
2
71
249
524
882
1304
1767
2245
2712
3143
3514
3806
4001
4090
4068
3935
3700
3374
2976
2528
2053
1578
1129
730
403
165
30
5
92
285
574
944
1374
1840
2318
2782
3205
3565
3842
4022
4094
4054
3905
3655
3317
2910
2456
1979
1507
1064
674
360
137
19
11
115
324
627
1007
1444
1914
2391
2850
3265
3614
3877
4040
4095
4038
3873
2048
2529
2983
3385
3712
3945
4073
4087
3987
3778
3473
3087
2644
2167
1683
1220
804
457
199
44
2
74
257
540
908
1339
1811
2295
2766
3196
3562
3843
4024
4094
4050
3893
3633
3285
2867
2403
1919
1443
1000
617
313
106
8
25
154
390
719
1122
1576
2058
2538
2992
3392
3717
3949
4074
4086
3984
3773
3466
3079
2635
2157
1674
1211
796
450
194
42
2
77
262
547
916
1349
1820
2305
2775
3204
3569
3848
4027
4095
4048
3889
3627
3277
2858
2394
1910
1434
992
610
308
103
8
26
158
396
726
1130
1586
2067
2548
3000
3399
3723
3952
4075
4085
3980
3768
3459
3071
2625
2148
1664
1203
788
444
190
40
3
80
267
554
924
1358
1830
2314
2784
3072
3459
3768
3981
4085
4075
3952
3722
3398
2999
2547
2066
1585
1129
725
395
158
26
8
104
308
610
993
1435
1911
2395
2859
3278
3628
3890
4048
4094
4026
3847
3568
3203
2774
2303
1819
1348
915
546
261
77
2
42
195
451
797
1212
1675
2158
2636
3080
3466
3773
3984
4086
4074
3948
3717
3391
2991
2537
2057
1575
1121
718
389
154
25
8
107
313
617
1001
1444
1921
2404
2868
3286
3634
3894
4050
4094
4024
3843
3561
3195
2765
2294
1810
1338
907
540
257
74
2
44
199
457
804
1221
1684
2168
2645
3088
3473
3779
3987
4087
4073
3945
3711
3384
2982
2528
2047
1566
1112
710
384
150
23
9
110
319
624
1010
1453
1930
2414
2877
3293
3640
3495
3795
3997
4089
4068
3933
3693
3360
2954
2498
2016
1536
1084
687
366
139
19
12
120
335
647
1037
1483
1961
2444
2905
3318
3660
3911
4058
4093
4013
3823
3534
3161
2726
2253
1769
1300
874
513
237
64
1
53
217
483
837
1259
1725
2209
2684
3123
3502
3800
4000
4090
4066
3929
3687
3353
2946
2488
2006
1526
1076
680
360
135
18
13
123
341
654
1045
1492
1971
2454
2914
3325
3665
3915
4060
4092
4010
3818
3527
3153
2717
2244
1760
1291
866
506
233
61
1
55
221
489
845
1268
1734
2218
2693
3131
3509
3805
4003
4091
4065
3925
3681
3345
2937
2479
1997
1517
1067
673
355
132
16
14
126
346
661
1053
1502
1980
2463
2922
3333
3671
3919
4095
4038
3869
3598
3241
2816
2349
1865
1391
954
578
284
90
4
34
176
423
761
1171
1630
2112
2591
3040
3433
3748
3968
4081
4080
3965
3743
3426
3031
2582
2103
1620
1162
753
417
172
32
5
92
289
585
962
1400
1875
2359
2825
3249
3605
3873
4040
4095
4035
3865
3592
3233
2808
2340
1855
1382
946
571
280
87
4
35
180
429
768
1179
1639
2122
2601
3048
3440
3754
3972
4082
4079
3962
3737
3419
3023
2573
2093
1611
1153
746
411
168
30
6
95
294
591
970
1409
1884
2368
2834
3256
3611
3878
4042
4095
4033
3860
3586
3225
2799
2330
1846
1373
938
565
275
84
3
37
184
435
776
1188
1649
2132
2610
3057
3447
3759
3975
4083
4078
3958
3821
3531
3157
2722
2249
1765
1296
870
510
235
63
1
54
219
486
840
1263
1729
2213
2688
3127
3505
3802
4001
4090
4065
3927
3684
3350
2942
2484
2002
1522
1072
677
358
134
17
14
125
343
657
1049
1496
1975
2458
2918
3329
3668
3917
4061
4092
4009
3816
3524
3149
2713
2240
1755
1287
862
503
231
60
1
56
223
492
848
1272
1738
2222
2697
3135
3512
3807
4004
4091
4064
3924
3678
3342
2933
2475
1992
1513
1064
670
353
131
16
15
128
348
664
1057
1506
1985
2467
2926
3336
3674
3921
4062
4091
4006
3811
3517
3141
2704
2230
1746
1279
854
497
227
58
1
59
228
498
856
1281
1748
2232
2706
3143
3519
3812
4007
4092
4062
3920
3673
3335
2048
2064
2080
2096
2112
2128
2144
2160
2177
2193
2209
2225
2241
2257
2273
2289
2305
2320
2336
2352
2368
2384
2400
2416
2432
2447
2463
2479
2495
2510
2526
2541
2557
2573
2588
2604
2619
2635
2650
2665
2681
2696
2711
2726
2741
2757
2772
2787
2802
2816
2831
2846
2861
2876
2890
2905
2920
2934
2949
2963
2977
2992
3006
3020
3034
3048
3062
3076
3090
3104
3118
3131
3145
3158
3172
3185
3199
3212
3225
3238
3251
3264
3277
3290
3303
3315
3328
3340
3353
3365
3377
3390
3402
3414
3426
3438
3449
3461
3473
3484
3495
3507
3518
3529
3540
3551
3562
3573
3583
3594
3605
3615
3625
3635
3646
3656
3665
3675
3685
3695
3704
3713
3723
3732
3741
3750
3759
3768
3776
3785
3793
3802
3810
3818
3826
3072
3085
3099
3113
3127
3140
3154
3167
3181
3194
3207
3221
3234
3247
3260
3273
3286
3298
3311
3324
3336
3349
3361
3373
3386
3398
3410
3422
3434
3445
3457
3469
3480
3492
3503
3514
3525
3537
3548
3558
3569
3580
3591
3601
3611
3622
3632
3642
3652
3662
3672
3682
3691
3701
3710
3720
3729
3738
3747
3756
3765
3773
3782
3791
3799
3807
3815
3823
3831
3839
3847
3855
3862
3869
3877
3884
3891
3898
3905
3911
3918
3925
3931
3937
3943
3949
3955
3961
3967
3972
3978
3983
3988
3993
3998
4003
4008
4012
4017
4021
4025
4029
4033
4037
4041
4045
4048
4051
4055
4058
4061
4064
4066
4069
4071
4074
4076
4078
4080
4082
4084
4085
4087
4088
4090
4091
4092
4092
4093
4094
4094
4095
4095
4095
4095
3495
3507
3518
3529
3540
3551
3562
3573
3583
3594
3605
3615
3625
3635
3646
3656
3665
3675
3685
3695
3704
3713
3723
3732
3741
3750
3759
3768
3776
3785
3793
3802
3810
3818
3826
3834
3842
3849
3857
3865
3872
3879
3886
3893
3900
3907
3914
3920
3927
3933
3939
3945
3951
3957
3963
3968
3974
3979
3985
3990
3995
4000
4005
4009
4014
4018
4022
4027
4031
4035
4038
4042
4046
4049
4052
4056
4059
4062
4065
4067
4070
4072
4075
4077
4079
4081
4083
4084
4086
4087
4089
4090
4091
4092
4093
4093
4094
4094
4095
4095
4095
4095
4095
4094
4094
4093
4093
4092
4091
4090
4089
4087
4086
4084
4083
4081
4079
4077
4075
4072
4070
4067
4065
4062
4059
4056
4052
4049
4046
4042
4038
4035
4031
4027
4022
4095
4095
4095
4094
4094
4093
4093
4092
4091
4090
4089
4087
4086
4084
4083
4081
4079
4077
4075
4072
4070
4067
4065
4062
4059
4056
4052
4049
4046
4042
4038
4035
4031
4027
4022
4018
4014
4009
4005
4000
3995
3990
3985
3979
3974
3968
3963
3957
3951
3945
3939
3933
3927
3920
3914
3907
3900
3893
3886
3879
3872
3865
3857
3849
3842
3834
3826
3818
3810
3802
3793
3785
3776
3768
3759
3750
3741
3732
3723
3713
3704
3695
3685
3675
3665
3656
3646
3635
3625
3615
3605
3594
3583
3573
3562
3551
3540
3529
3518
3507
3495
3484
3473
3461
3449
3438
3426
3414
3402
3390
3377
3365
3353
3340
3328
3315
3303
3290
3277
3264
3251
3238
3225
3212
3199
3185
3172
3158
3145
3131
3118
3104
3090
3076
3062
3821
3813
3804
3796
3788
3779
3771
3762
3753
3744
3735
3726
3717
3707
3698
3688
3678
3669
3659
3649
3639
3629
3618
3608
3598
3587
3576
3566
3555
3544
3533
3522
3511
3499
3488
3476
3465
3453
3441
3430
3418
3406
3394
3381
3369
3357
3345
3332
3319
3307
3294
3281
3268
3256
3243
3229
3216
3203
3190
3176
3163
3149
3136
3122
3108
3095
3081
3067
3053
3039
3025
3011
2996
2982
2968
2953
2939
2924
2910
2895
2881
2866
2851
2836
2821
2807
2792
2777
2762
2746
2731
2716
2701
2686
2670
2655
2640
2624
2609
2593
2578
2562
2547
2531
2515
2500
2484
2468
2453
2437
2421
2405
2389
2374
2358
2342
2326
2310
2294
2278
2262
2246
2230
2214
2198
2182
2166
2150
2134
2118
2102
2086
2069
2053
2037
2048
2681
3251
3704
3995
4095
3995
3704
3251
2681
2048
1415
845
392
101
1
101
392
845
1415
2048
2681
3251
3704
3995
4095
3995
3704
3251
2681
2048
1415
845
392
101
1
101
392
845
1415
2048
2681
3251
3704
3995
4095
3995
3704
3251
2681
2048
1415
845
392
101
1
101
392
845
1415
2048
2681
3251
3704
3995
4095
3995
3704
3251
2681
2048
1415
845
392
101
1
101
392
845
1415
2048
2681
3251
3704
3995
4095
3995
3704
3251
2681
2048
1415
845
392
101
1
101
392
845
1415
2048
2681
3251
3704
3995
4095
3995
3704
3251
2681
2048
1415
845
392
101
1
101
392
845
1415
2048
2681
3251
3704
3995
4095
3995
3704
3251
2681
2048
1415
845
392
101
3072
3569
3918
4084
4050
3821
3418
2881
2262
1622
1025
527
178
12
46
275
678
1215
1834
2474
3072
3569
3918
4084
4050
3821
3418
2881
2262
1622
1025
527
178
12
46
275
678
1215
1834
2474
3071
3569
3918
4084
4050
3821
3418
2881
2262
1622
1025
527
178
12
46
275
678
1215
1834
2474
3071
3569
3918
4084
4050
3821
3418
2881
2262
1622
1025
527
178
12
46
275
678
1215
1834
2474
3071
3569
3918
4084
4050
3821
3418
2881
2262
1622
1025
527
178
12
46
275
678
1215
1834
2474
3071
3569
3918
4084
4050
3821
3418
2881
2262
1622
1025
527
178
12
46
275
678
1215
1834
2474
3072
3569
3918
4084
4050
3821
3418
2881
2262
1622
1025
527
178
12
46
3495
3872
4070
4070
3872
3495
2977
2368
1728
1119
601
224
26
26
224
601
1119
1728
2368
2977
3495
3872
4070
4070
3872
3495
2977
2368
1728
1119
601
224
26
26
224
601
1119
1728
2368
2977
3495
3872
4070
4070
3872
3495
2977
2368
1728
1119
601
224
26
26
224
601
1119
1728
2368
2977
3495
3872
4070
4070
3872
3495
2977
2368
1728
1119
601
224
26
26
224
601
1119
1728
2368
2977
3495
3872
4070
4070
3872
3495
2977
2368
1728
1119
601
224
26
26
224
601
1119
1728
2368
2977
3495
3872
4070
4070
3872
3495
2977
2368
1728
1119
601
224
26
26
224
601
1119
1728
2368
2977
3495
3872
4070
4070
3872
3495
2977
2368
1728
1119
601
224
26
26
224
4095
3995
3704
3251
2681
2048
1415
845
392
101
1
101
392
845
1415
2048
2681
3251
3704
3995
4095
3995
3704
3251
2681
2048
1415
845
392
101
1
101
392
845
1415
2048
2681
3251
3704
3995
4095
3995
3704
3251
2681
2048
1415
845
392
101
1
101
392
845
1415
2048
2681
3251
3704
3995
4095
3995
3704
3251
2681
2048
1415
845
392
101
1
101
392
845
1415
2048
2681
3251
3704
3995
4095
3995
3704
3251
2681
2048
1415
845
392
101
1
101
392
845
1415
2048
2681
3251
3704
3995
4095
3995
3704
3251
2681
2048
1415
845
392
101
1
101
392
845
1415
2048
2681
3251
3704
3995
4095
3995
3704
3251
2681
2048
1415
845
392
101
1
101
392
845
1415
3821
3418
2881
2262
1622
1025
527
178
12
46
275
678
1215
1834
2474
3071
3569
3918
4084
4050
3821
3418
2881
2262
1622
1025
527
178
12
46
275
678
1215
1834
2474
3071
3569
3918
4084
4050
3821
3418
2881
2262
1622
1025
527
178
12
46
275
678
1215
1834
2474
3071
3569
3918
4084
4050
3821
3418
2881
2262
1622
1025
527
178
12
46
275
678
1215
1834
2474
3071
3569
3918
4084
4050
3821
3418
2881
2262
1622
1024
527
178
12
46
275
678
1215
1834
2474
3071
3569
3918
4084
4050
3821
3418
2881
2262
1622
1025
527
178
12
46
275
678
1215
1834
2474
3071
3569
3918
4084
4050
3821
3418
2881
2262
1622
1025
527
178
12
46
275
678
1215
1834
2474
4095
4095
4095
4095
4095
4095
4095
4095
4095
4095
4095
4095
4095
4095
1
1
1
1
1
1
1
1
1
1
1
1
1
4095
4095
4095
4095
4095
4095
4095
4095
4095
4095
4095
4095
4095
1
1
1
1
1
1
1
1
1
1
1
1
1
1
4095
4095
4095
4095
4095
4095
4095
4095
4095
4095
4095
4095
4095
1
1
1
1
1
1
1
1
1
1
1
1
1
4095
4095
4095
4095
4095
4095
4095
4095
4095
4095
4095
4095
4095
4095
1
1
1
1
1
1
1
1
1
1
1
1
1
4095
4095
4095
4095
4095
4095
4095
4095
4095
4095
4095
4095
4095
1
1
1
1
1
1
1
1
1
1
1
1
1
1
4095
4095
4095
4095
4095
4095
4095
4095
4095
4095
4095
4095
4095
1
1
1
1
1
1
1
1
1
1
1
1
1
4095
4095
4095
4095
4095
4095
4095
4095
4095
4095
4095
4095
4095
1
1
1
1
1
1
1
1
1
1
1
1
1
1
4095
4095
4095
4095
4095
4095
4095
4095
4095
4095
4095
4095
4095
1
1
1
1
1
1
1
1
1
1
1
1
1
4095
4095
4095
4095
4095
4095
4095
4095
4095
4095
4095
4095
4095
4095
1
1
1
1
1
1
1
1
1
1
1
1
1
4095
4095
4095
4095
4095
4095
4095
4095
4095
4095
4095
4095
4095
1
1
1
1
1
1
1
1
1
1
1
1
1
1
4095
4095
4095
4095
4095
4095
4095
4095
4095
4095
4095
4095
4095
1
1
1
1
1
1
1
1
1
1
1
1
1
1
4095
4095
4095
4095
4095
4095
4095
4095
4095
4095
4095
4095
4095
1
1
1
1
1
1
1
1
1
1
1
1
1
4095
4095
4095
4095
4095
4095
4095
4095
4095
4095
4095
4095
4095
4095
1
1
1
1
1
1
1
1
1
1
1
1
1
4095
4095
4095
4095
4095
4095
4095
4095
4095
4095
4095
4095
4095
1
1
1
1
1
1
1
1
1
1
1
1
1
1
4095
4095
4095
4095
4095
4095
4095
4095
4095
4095
4095
4095
4095
1
1
1
1
1
1
1
1
1
1
1
1
1
4095
4095
4095
4095
4095
4095
4095
4095
4095
4095
4095
4095
1
1
1
1
1
1
1
1
1
1
1
1
1
4095
4095
4095
4095
4095
4095
4095
4095
4095
4095
4095
4095
4095
4095
1
1
1
1
1
1
1
1
1
1
1
1
1
4095
4095
4095
4095
4095
4095
4095
4095
4095
4095
4095
4095
4095
1
1
1
1
1
1
1
1
1
1
1
1
1
1
4095
4095
4095
4095
4095
4095
4095
4095
4095
4095
4095
4095
4095
1
1
1
1
1
1
1
1
1
1
1
1
1
4095
4095
4095
4095
4095
4095
4095
4095
4095
4095
4095
4095
4095
4095
1
1
1
1
1
1
1
1
1
1
1
1
1
4095
4095
4095
4095
4095
4095
4095
4095
4095
4095
4095
4095
4095
1
1
1
1
1
1
1
1
1
1
1
1
1
4095
4095
4095
4095
4095
4095
4095
4095
4095
4095
4095
4095
4095
4095
1
1
1
1
1
1
1
1
1
1
1
1
1
4095
4095
4095
4095
4095
4095
4095
4095
4095
4095
4095
4095
4095
1
1
1
1
1
1
1
1
1
1
1
1
1
1
4095
4095
4095
4095
4095
4095
4095
4095
4095
4095
4095
4095
4095
1
1
1
1
1
1
1
1
1
1
1
1
1
4095
4095
4095
4095
4095
4095
4095
4095
4095
4095
4095
4095
4095
4095
1
1
1
1
1
1
1
1
1
1
1
1
1
4095
4095
4095
4095
4095
4095
4095
4095
4095
4095
4095
4095
4095
4095
4095
4095
4095
4095
4095
4095
4095
4095
4095
4095
1
1
1
1
1
1
1
1
1
1
1
1
1
4095
4095
4095
4095
4095
4095
4095
4095
4095
4095
4095
4095
4095
4095
1
1
1
1
1
1
1
1
1
1
1
1
1
4095
4095
4095
4095
4095
4095
4095
4095
4095
4095
4095
4095
4095
4095
1
1
1
1
1
1
1
1
1
1
1
1
1
4095
4095
4095
4095
4095
4095
4095
4095
4095
4095
4095
4095
4095
1
1
1
1
1
1
1
1
1
1
1
1
1
1
4095
4095
4095
4095
4095
4095
4095
4095
4095
4095
4095
4095
4095
1
1
1
1
1
1
1
1
1
1
1
1
1
1
4095
4095
4095
4095
4095
4095
4095
4095
4095
4095
4095
4095
1
1
1
1
1
1
1
1
1
1
1
1
1
4095
4095
4095
4095
4095
4095
4095
4095
4095
4095
4095
4095
4095
4095
1
1
1
1
1
1
1
1
1
1
1
1
1
4095
4095
4095
4095
4095
4095
4095
4095
4095
4095
4095
4095
4095
1
1
1
1
1
1
1
1
1
1
1
1
1
1
4095
4095
4095
4095
4095
4095
4095
4095
4095
4095
4095
4095
4095
1
1
1
1
1
1
1
1
1
1
1
1
1
1
4095
4095
4095
4095
4095
4095
4095
4095
4095
4095
4095
4095
4095
1
1
1
1
1
1
1
1
1
1
1
1
1
4095
4095
4095
4095
4095
4095
4095
4095
4095
4095
4095
4095
4095
4095
1
1
1
1
1
1
1
1
1
1
1
1
1
4095
4095
4095
4095
4095
4095
4095
4095
4095
4095
4095
4095
4095
1
1
1
1
1
1
1
1
1
1
1
1
1
1
4095
4095
4095
4095
4095
4095
4095
4095
4095
4095
4095
4095
4095
1
1
1
1
1
1
1
1
1
1
1
1
1
1
4095
4095
4095
4095
4095
4095
4095
4095
4095
4095
4095
4095
4095
1
1
1
1
1
1
1
1
1
1
1
1
1
1
4095
4095
4095
4095
4095
4095
4095
4095
4095
4095
4095
4095
4095
1
1
1
1
1
1
1
1
1
1
1
1
1
4095
4095
4095
4095
4095
4095
4095
4095
4095
4095
4095
1
1
1
1
1
1
1
1
1
1
1
1
1
1
4095
4095
4095
4095
4095
4095
4095
4095
4095
4095
4095
4095
4095
1
1
1
1
1
1
1
1
1
1
1
1
1
4095
4095
4095
4095
4095
4095
4095
4095
4095
4095
4095
4095
4095
4095
1
1
1
1
1
1
1
1
1
1
1
1
1
4095
4095
4095
4095
4095
4095
4095
4095
4095
4095
4095
4095
4095
4095
1
1
1
1
1
1
1
1
1
1
1
1
1
4095
4095
4095
4095
4095
4095
4095
4095
4095
4095
4095
4095
4095
4095
1
1
1
1
1
1
1
1
1
1
1
1
1
4095
4095
4095
4095
4095
4095
4095
4095
4095
4095
4095
4095
1
1
1
1
1
1
1
1
1
1
1
1
1
4095
4095
4095
4095
4095
4095
4095
4095
4095
4095
4095
4095
4095
4095
1
1
1
1
1
1
1
1
1
1
1
1
1
4095
4095
4095
4095
4095
4095
4095
4095
4095
4095
4095
4095
4095
4095
1
1
1
1
1
1
1
1
1
1
1
1
1
4095
4095
4095
4095
4095
4095
4095
4095
4095
4095
4095
4095
4095
4095
1
1
1
1
1
1
1
1
1
1
1
1
1
4095
4095
4095
4095
4095
4095
4095
4095
4095
4095
4095
4095
4095
1
1
1
1
1
1
1
1
1
1
1
1
1
1
4095
4095
4095
4095
4095
4095
4095
4095
4095
4095
4095
4095
4095
4095
4095
4095
4095
4095
4095
4095
4095
4095
4095
1
1
1
1
1
1
1
1
1
1
1
1
1
4095
4095
4095
4095
4095
4095
4095
4095
4095
4095
4095
4095
4095
1
1
1
1
1
1
1
1
1
1
1
1
1
4095
4095
4095
4095
4095
4095
4095
4095
4095
4095
4095
4095
4095
4095
1
1
1
1
1
1
1
1
1
1
1
1
1
4095
4095
4095
4095
4095
4095
4095
4095
4095
4095
4095
4095
4095
1
1
1
1
1
1
1
1
1
1
1
1
1
4095
4095
4095
4095
4095
4095
4095
4095
4095
4095
4095
4095
4095
4095
1
1
1
1
1
1
1
1
1
1
1
1
1
4095
4095
4095
4095
4095
4095
4095
4095
4095
4095
4095
4095
4095
4095
1
1
1
1
1
1
1
1
1
1
1
1
1
4095
4095
4095
4095
4095
4095
4095
4095
4095
4095
4095
4095
4095
1
1
1
1
1
1
1
1
1
1
1
1
1
4095
4095
4095
4095
4095
4095
4095
4095
4095
4095
4095
4095
4095
4095
1
1
1
1
1
1
1
1
1
1
1
1
1
4095
4095
4095
4095
4095
4095
4095
4095
4095
4095
4095
4095
4095
1
1
1
1
1
1
1
1
1
1
1
1
1
4095
4095
4095
4095
4095
4095
4095
4095
4095
4095
4095
4095
4095
1
1
1
1
1
1
1
1
1
1
1
1
1
1
4095
4095
4095
4095
4095
4095
4095
4095
4095
4095
4095
4095
4095
4095
1
1
1
1
1
1
1
1
1
1
1
1
1
1
4095
4095
4095
4095
4095
4095
4095
4095
4095
4095
4095
4095
4095
1
1
1
1
1
1
1
1
1
1
1
1
1
4095
4095
4095
4095
4095
4095
4095
4095
4095
4095
4095
4095
4095
1
1
1
1
1
1
1
1
1
1
1
1
1
1
4095
4095
4095
4095
4095
4095
4095
4095
4095
4095
4095
4095
4095
1
1
1
1
1
1
1
1
1
1
1
1
1
4095
4095
4095
4095
4095
4095
4095
4095
4095
4095
4095
4095
4095
1
1
1
1
1
1
1
1
1
1
1
1
1
1
4095
4095
4095
4095
4095
4095
4095
4095
4095
4095
4095
4095
1
1
1
1
1
1
1
1
1
1
1
1
1
4095
4095
4095
4095
4095
4095
4095
4095
4095
4095
4095
4095
4095
4095
1
1
1
1
1
1
1
1
1
1
1
1
1
4095
4095
4095
4095
4095
4095
4095
4095
4095
4095
4095
4095
4095
1
1
1
1
1
1
1
1
1
1
1
1
1
4095
4095
4095
4095
4095
4095
4095
4095
4095
4095
4095
4095
4095
4095
1
1
1
1
1
1
1
1
1
1
1
1
1
4095
4095
4095
4095
4095
4095
4095
4095
4095
4095
4095
4095
4095
1
1
1
1
1
1
1
1
1
1
1
1
1
4095
4095
4095
4095
4095
4095
4095
4095
4095
4095
4095
4095
4095
4095
1
1
1
1
1
1
1
1
1
1
1
1
1
4095
4095
4095
4095
4095
4095
4095
4095
4095
4095
4095
4095
4095
1
1
1
1
1
1
1
1
1
1
1
1
1
1
4095
4095
4095
4095
4095
4095
4095
4095
4095
4095
4095
4095
4095
1
1
1
1
1
1
1
1
1
1
1
1
1
4095
4095
4095
4095
4095
4095
4095
4095
4095
4095
4095
4095
4095
1
1
1
1
1
1
1
1
1
1
1
1
1
1
4095
4095
4095
4095
4095
4095
4095
4095
4095
4095
4095
4095
4095
1
1
1
1
1
1
1
1
1
1
1
1
1
4095
4095
4095
4095
4095
4095
4095
4095
4095
4095
4095
4095
4095
4095
4095
4095
4095
4095
4095
4095
4095
4095
4095
4095
4095
4095
4095
4095
4095
4095
4095
4095
4095
4095
4095
4095
4095
4095
4095
4095
4095
4095
4095
4095
4095
4095
4095
4095
4095
4095
4095
4095
4095
4095
4095
4095
4095
4095
4095
4095
4095
4095
4095
4095
4095
4095
4095
4095
4095
4095
4095
4095
4095
4095
4095
4095
4095
4095
4095
4095
4095
4095
4095
4095
4095
4095
4095
4095
4095
4095
4095
4095
4095
4095
4095
4095
4095
4095
4095
4095
4095
4095
4095
4095
4095
4095
4095
4095
4095
4095
4095
4095
4095
4095
4095
4095
4095
4095
4095
4095
4095
4095
4095
4095
4095
4095
4095
4095
4095
4095
4095
4095
4095
4095
4095
4095
4095
4095
4095
4095
4095
4095
4095
4095
4095
4095
4095
4095
4095
4095
4095
4095
4095
4095
4095
4095
4095
4095
4095
4095
4095
4095
4095
4095
4095
4095
4095
4095
4095
4095
4095
4095
4095
4095
4095
4095
4095
4095
4095
4095
4095
4095
4095
4095
4095
4095
4095
4095
4095
4095
4095
4095
4095
4095
4095
4095
4095
4095
4095
4095
4095
4095
4095
4095
4095
4095
4095
4095
4095
4095
4095
4095
4095
4095
4095
4095
4095
4095
4095
4095
4095
4095
4095
4095
4095
4095
4095
4095
4095
4095
4095
4095
4095
4095
4095
4095
4095
4095
4095
4095
4095
4095
4095
4095
4095
4095
4095
4095
4095
4095
4095
4095
4095
4095
4095
4095
4095
4095
4095
4095
4095
4095
4095
4095
4095
4095
4095
4095
4095
4095
4095
4095
4095
4095
4095
4095
4095
4095
4095
4095
4095
4095
4095
4095
4095
4095
4095
4095
4095
4095
4095
4095
4095
4095
4095
4095
4095
4095
4095
4095
4095
4095
4095
4095
4095
4095
4095
4095
4095
4095
4095
4095
4095
4095
4095
4095
4095
4095
4095
4095
4095
4095
4095
4095
4095
4095
4095
4095
4095
4095
4095
4095
4095
4095
4095
4095
4095
4095
4095
4095
4095
4095
4095
4095
4095
4095
4095
4095
4095
4095
4095
4095
4095
4095
4095
4095
4095
4095
4095
4095
4095
4095
4095
4095
4095
4095
4095
4095
4095
4095
4095
4095
4095
4095
4095
4095
4095
4095
4095
4095
4095
4095
4095
4095
4095
4095
4095
4095
4095
4095
4095
4095
4095
4095
4095
4095
4095
4095
4095
4095
4095
4095
4095
4095
4095
4095
4095
4095
4095
4095
4095
4095
4095
4095
4095
4095
4095
4095
4095
4095
4095
4095
4095
4095
4095
4095
4095
4095
4095
4095
4095
4095
4095
4095
4095
4095
4095
4095
4095
4095
4095
4095
4095
4095
4095
4095
4095
4095
4095
4095
4095
4095
4095
4095
4095
4095
4095
4095
4095
4095
4095
4095
4095
4095
4095
4095
4095
4095
4095
4095
4095
4095
4095
4095
4095
4095
4095
4095
4095
4095
4095
4095
4095
4095
4095
4095
4095
4095
4095
4095
4095
4095
4095
4095
4095
4095
4095
4095
4095
4095
4095
4095
4095
4095
4095
4095
4095
4095
4095
4095
4095
4095
4095
4095
4095
4095
4095
4095
4095
4095
4095
4095
4095
4095
4095
4095
4095
4095
4095
4095
4095
4095
4095
4095
4095
4095
4095
4095
4095
4095
4095
4095
4095
4095
4095
4095
4095
4095
4095
4095
4095
4095
4095
4095
4095
4095
4095
4095
4095
4095
4095
4095
4095
4095
4095
4095
4095
4095
4095
4095
4095
4095
4095
4095
4095
4095
4095
4095
4095
4095
4095
4095
4095
4095
4095
4095
4095
4095
4095
4095
4095
4095
4095
4095
4095
4095
4095
4095
4095
4095
4095
4095
4095
4095
4095
4095
4095
4095
4095
4095
4095
4095
4095
4095
4095
4095
4095
4095
4095
4095
4095
4095
4095
4095
4095
4095
4095
4095
4095
4095
4095
4095
4095
4095
4095
4095
4095
4095
4095
4095
4095
4095
4095
4095
4095
4095
4095
4095
4095
4095
4095
4095
4095
4095
4095
4095
4095
4095
4095
4095
4095
4095
4095
4095
4095
4095
4095
4095
4095
4095
4095
4095
4095
4095
4095
4095
4095
4095
4095
4095
4095
4095
4095
4095
4095
1
4095
4095
4095
4095
4095
4095
4095
4095
4095
4095
1
1
1
1
1
1
1
1
1
1
4095
4095
4095
4095
4095
4095
4095
4095
4095
4095
1
1
1
1
1
1
1
1
1
1
4095
4095
4095
4095
4095
4095
4095
4095
4095
4095
1
1
1
1
1
1
1
1
1
1
4095
4095
4095
4095
4095
4095
4095
4095
4095
4095
4095
1
1
1
1
1
1
1
1
1
4095
4095
4095
4095
4095
4095
4095
4095
4095
4095
1
1
1
1
1
1
1
1
1
1
4095
4095
4095
4095
4095
4095
4095
4095
4095
4095
4095
1
1
1
1
1
1
1
1
1
4095
4095
4095
4095
4095
4095
4095
4095
4095
4095
4095
1
1
1
1
4095
4095
4095
4095
4095
4095
4095
4095
4095
1
1
1
1
1
1
1
1
1
1
4095
4095
4095
4095
4095
4095
4095
4095
4095
4095
1
1
1
1
1
1
1
1
1
1
4095
4095
4095
4095
4095
4095
4095
4095
4095
4095
1
1
1
1
1
1
1
1
1
1
4095
4095
4095
4095
4095
4095
4095
4095
4095
4095
1
1
1
1
1
1
1
1
1
1
4095
4095
4095
4095
4095
4095
4095
4095
4095
4095
1
1
1
1
1
1
1
1
1
1
4095
4095
4095
4095
4095
4095
4095
4095
4095
4095
1
1
1
1
1
1
1
1
1
1
4095
4095
4095
4095
4095
4095
4095
4095
4095
4095
1
1
1
1
1
1
4095
4095
4095
4095
4095
4095
4095
4095
1
1
1
1
1
1
1
1
1
1
4095
4095
4095
4095
4095
4095
4095
4095
4095
4095
1
1
1
1
1
1
1
1
1
1
4095
4095
4095
4095
4095
4095
4095
4095
4095
4095
1
1
1
1
1
1
1
1
1
1
4095
4095
4095
4095
4095
4095
4095
4095
4095
4095
1
1
1
1
1
1
1
1
1
1
4095
4095
4095
4095
4095
4095
4095
4095
4095
4095
1
1
1
1
1
1
1
1
1
1
4095
4095
4095
4095
4095
4095
4095
4095
4095
4095
1
1
1
1
1
1
1
1
1
1
4095
4095
4095
4095
4095
4095
4095
4095
4095
4095
1
1
1
1
1
1
1
4095
4095
4095
4095
4095
1
1
1
1
1
1
1
1
1
1
4095
4095
4095
4095
4095
4095
4095
4095
4095
4095
1
1
1
1
1
1
1
1
1
1
4095
4095
4095
4095
4095
4095
4095
4095
4095
4095
1
1
1
1
1
1
1
1
1
1
4095
4095
4095
4095
4095
4095
4095
4095
4095
4095
4095
1
1
1
1
1
1
1
1
1
1
4095
4095
4095
4095
4095
4095
4095
4095
4095
1
1
1
1
1
1
1
1
1
1
4095
4095
4095
4095
4095
4095
4095
4095
4095
4095
1
1
1
1
1
1
1
1
1
1
4095
4095
4095
4095
4095
4095
4095
4095
4095
4095
4095
1
1
1
1
1
1
1
1
1
4095
4095
4095
4095
1
1
1
1
1
1
1
1
1
1
4095
4095
4095
4095
4095
4095
4095
4095
4095
4095
1
1
1
1
1
1
1
1
1
1
4095
4095
4095
4095
4095
4095
4095
4095
4095
4095
1
1
1
1
1
1
1
1
1
1
4095
4095
4095
4095
4095
4095
4095
4095
4095
4095
1
1
1
1
1
1
1
1
1
1
4095
4095
4095
4095
4095
4095
4095
4095
4095
4095
1
1
1
1
1
1
1
1
1
1
4095
4095
4095
4095
4095
4095
4095
4095
4095
4095
1
1
1
1
1
1
1
1
1
1
4095
4095
4095
4095
4095
4095
4095
4095
4095
4095
1
1
1
1
1
1
1
1
1
1
4095
1
308
615
922
1229
1536
1843
2150
2457
2764
3072
3379
3686
3993
3890
3583
3276
2969
2662
2355
2048
1741
1434
1127
820
513
206
103
410
717
1025
1332
1639
1946
2253
2560
2867
3174
3481
3788
4095
3788
3481
3174
2867
2560
2253
1946
1639
1332
1024
717
410
103
206
513
820
1127
1434
1741
2048
2355
2662
2969
3276
3583
3890
3993
3686
3379
3072
2764
2457
2150
1843
1536
1229
922
615
308
1
308
615
922
1229
1536
1843
2150
2457
2764
3072
3379
3686
3993
3890
3583
3276
2969
2662
2355
2048
1741
1434
1127
820
513
206
103
410
717
1025
1332
1639
1946
2253
2560
2867
3174
3481
3788
4095
3788
3481
3174
2867
2560
2253
1946
1639
1332
1025
717
410
103
206
683
990
1297
1604
1912
2219
2526
2833
3140
3447
3754
4061
3822
3515
3208
2901
2594
2287
1980
1673
1366
1059
752
445
137
172
479
786
1093
1400
1707
2014
2321
2628
2935
3242
3549
3856
4027
3720
3413
3106
2799
2492
2184
1877
1570
1263
956
649
342
35
274
581
888
1195
1502
1809
2116
2423
2730
3037
3344
3651
3959
3924
3617
3310
3003
2696
2389
2082
1775
1468
1161
854
547
240
69
376
683
990
1297
1604
1912
2219
2526
2833
3140
3447
3754
4061
3822
3515
3208
2901
2594
2287
1980
1673
1366
1059
752
445
137
172
479
786
1093
1400
1707
2014
2321
2628
2935
3242
3549
3856
4027
3720
3413
3106
2799
2492
2184
1877
1570
1263
956
649
342
35
274
581
888
1025
1332
1639
1946
2253
2560
2867
3174
3481
3788
4095
3788
3481
3174
2867
2560
2253
1946
1639
1332
1025
717
410
103
206
513
820
1127
1434
1741
2048
2355
2662
2969
3276
3583
3890
3993
3686
3379
3071
2764
2457
2150
1843
1536
1229
922
615
308
1
308
615
922
1229
1536
1843
2150
2457
2764
3071
3379
3686
3993
3890
3583
3276
2969
2662
2355
2048
1741
1434
1127
820
513
206
103
410
717
1025
1332
1639
1946
2253
2560
2867
3174
3481
3788
4095
3788
3481
3174
2867
2560
2253
1946
1639
1332
1024
717
410
103
206
513
820
1127
1434
1741
2048
2355
2662
2969
3276
3583
3890
3993
3686
3379
3071
2764
2457
2150
1843
1536
1229
922
615
308
1
308
615
922
1229
2048
2355
2662
2969
3276
3583
3890
3993
3686
3379
3072
2764
2457
2150
1843
1536
1229
922
615
308
1
308
615
922
1229
1536
1843
2150
2457
2764
3071
3379
3686
3993
3890
3583
3276
2969
2662
2355
2048
1741
1434
1127
820
513
206
103
410
717
1025
1332
1639
1946
2253
2560
2867
3174
3481
3788
4095
3788
3481
3174
2867
2560
2253
1946
1639
1332
1025
717
410
103
206
513
820
1127
1434
1741
2048
2355
2662
2969
3276
3583
3890
3993
3686
3379
3071
2764
2457
2150
1843
1536
1229
922
615
308
1
308
615
922
1229
1536
1843
2150
2457
2764
3071
3379
3686
3993
3890
3583
3276
2969
2662
2355
2048
1741
1434
1127
820
513
206
103
410
717
1024
1332
1639
1946
2253
2730
3037
3344
3651
3959
3924
3617
3310
3003
2696
2389
2082
1775
1468
1161
854
547
240
69
376
683
990
1297
1604
1912
2219
2526
2833
3140
3447
3754
4061
3822
3515
3208
2901
2594
2287
1980
1673
1366
1059
752
445
137
172
479
786
1093
1400
1707
2014
2321
2628
2935
3242
3549
3856
4027
3720
3413
3106
2799
2492
2184
1877
1570
1263
956
649
342
35
274
581
888
1195
1502
1809
2116
2423
2730
3037
3344
3651
3959
3924
3617
3310
3003
2696
2389
2082
1775
1468
1161
854
547
240
69
376
683
990
1297
1604
1912
2219
2526
2833
3140
3447
3754
4061
3822
3515
3208
2901
2594
2287
1980
1673
1366
1059
752
445
137
172
479
786
1093
1400
1707
2014
2321
2628
2935
1
306
611
916
1221
1526
1831
2136
2441
2746
3051
3356
3661
3966
3919
3614
3309
3004
2699
2394
2089
1784
1479
1174
869
564
259
48
353
658
963
1268
1573
1878
2183
2488
2793
3098
3403
3708
4013
3872
3567
3262
2957
2652
2347
2042
1737
1432
1127
822
517
212
95
400
705
1010
1315
1620
1925
2230
2535
2840
3145
3450
3755
4060
3825
3520
3215
2910
2605
2300
1995
1690
1385
1080
775
470
165
142
447
752
1057
1362
1667
1972
2277
2582
2887
3192
3497
3802
4083
3778
3473
3168
2863
2558
2253
1948
1643
1338
1033
728
423
118
189
494
799
1104
1409
1714
2019
2324
2629
2934
3239
3544
3849
4036
3731
3426
3121
2816
2511
2206
1901
1596
1291
986
681
376
71
683
988
1293
1598
1903
2208
2513
2818
3123
3428
3733
4038
3847
3542
3237
2932
2627
2322
2017
1712
1407
1102
797
492
187
120
425
730
1035
1340
1645
1950
2255
2560
2865
3170
3475
3780
4085
3800
3495
3190
2885
2580
2275
1970
1665
1360
1055
750
445
140
167
472
777
1082
1388
1693
1998
2303
2608
2913
3218
3523
3828
4057
3752
3447
3142
2837
2532
2227
1922
1617
1312
1007
702
397
92
215
520
825
1130
1435
1740
2045
2350
2655
2960
3265
3570
3875
4010
3705
3400
3095
2790
2485
2180
1875
1570
1265
960
655
350
45
262
567
872
1177
1482
1787
2092
2397
2702
3007
3312
3617
3922
3963
3658
3353
3048
2743
2438
2133
1828
1523
1218
913
608
303
4
309
614
1025
1330
1635
1940
2245
2550
2855
3160
3465
3770
4075
3810
3505
3200
2895
2590
2285
1980
1675
1370
1065
760
455
150
157
462
767
1072
1377
1682
1987
2292
2597
2902
3207
3512
3817
4068
3763
3458
3153
2848
2543
2238
1933
1628
1323
1018
713
408
103
204
509
814
1119
1424
1729
2034
2339
2644
2949
3254
3559
3864
4021
3716
3411
3106
2801
2496
2191
1886
1581
1276
971
666
361
56
251
556
861
1166
1471
1776
2081
2386
2691
2996
3301
3606
3911
3974
3669
3364
3059
2754
2449
2144
1839
1534
1229
924
619
314
9
298
603
908
1213
1518
1823
2128
2433
2738
3043
3348
3653
3958
3927
3622
3317
3012
2707
2402
2097
1792
1487
1182
877
572
267
40
345
650
955
2048
2353
2658
2963
3268
3573
3878
4007
3702
3397
3092
2787
2482
2177
1872
1567
1262
957
652
347
42
265
570
875
1180
1485
1790
2095
2400
2705
3010
3315
3620
3925
3960
3655
3350
3045
2740
2435
2130
1825
1520
1215
910
605
300
7
312
617
922
1227
1532
1837
2142
2447
2752
3057
3362
3667
3972
3913
3608
3303
2998
2693
2388
2083
1778
1473
1168
863
558
253
54
359
664
969
1274
1579
1884
2189
2494
2799
3104
3409
3714
4019
3866
3561
3256
2951
2646
2341
2036
1731
1426
1121
816
511
206
101
406
711
1016
1321
1626
1931
2236
2541
2846
3151
3456
3761
4066
3819
3514
3209
2904
2599
2294
1989
1684
1379
1074
769
464
159
148
453
758
1063
1368
1673
1978
2730
3035
3340
3645
3950
3935
3630
3325
3020
2715
2410
2105
1800
1495
1190
885
580
275
32
337
642
947
1252
1557
1862
2167
2472
2777
3082
3387
3692
3997
3888
3583
3278
2973
2668
2363
2058
1753
1448
1143
838
533
228
79
384
689
994
1299
1604
1909
2214
2519
2824
3129
3435
3740
4045
3840
3535
3230
2925
2620
2315
2010
1705
1400
1095
790
485
180
127
432
737
1042
1347
1652
1957
2262
2567
2872
3177
3482
3787
4092
3793
3488
3183
2878
2573
2268
1963
1658
1353
1048
743
438
133
174
479
784
1089
1394
1699
2004
2309
2614
2919
3224
3529
3834
4051
3746
3441
3136
2831
2526
2221
1916
1611
1306
1001
696
391
86
221
526
831
1136
1441
1746
2051
2356
2661
1
310
619
928
1237
1546
1856
2165
2474
2783
3092
3401
3710
4019
3862
3553
3243
2934
2625
2316
2007
1698
1389
1080
771
462
152
159
468
777
1086
1395
1704
2013
2322
2631
2940
3250
3559
3868
4013
3704
3395
3086
2777
2468
2159
1849
1540
1231
922
613
304
7
316
625
934
1244
1553
1862
2171
2480
2789
3098
3407
3716
4025
3856
3546
3237
2928
2619
2310
2001
1692
1383
1074
765
455
146
165
474
783
1092
1401
1710
2019
2328
2638
2947
3256
3565
3874
4007
3698
3389
3080
2771
2461
2152
1843
1534
1225
916
607
298
13
322
631
941
1250
1559
1868
2177
2486
2795
3104
3413
3722
4032
3849
3540
3231
2922
2613
2304
1995
1686
1377
1067
758
449
140
171
480
683
992
1302
1611
1920
2229
2538
2847
3156
3465
3774
4083
3798
3488
3179
2870
2561
2252
1943
1634
1325
1016
707
397
88
223
532
841
1150
1459
1768
2077
2386
2696
3005
3314
3623
3932
3949
3640
3331
3022
2713
2403
2094
1785
1476
1167
858
549
240
71
380
689
999
1308
1617
1926
2235
2544
2853
3162
3471
3780
4090
3791
3482
3173
2864
2555
2246
1937
1628
1319
1009
700
391
82
229
538
847
1156
1465
1774
2083
2393
2702
3011
3320
3629
3938
3943
3634
3325
3016
2706
2397
2088
1779
1470
1161
852
543
234
77
387
696
1005
1314
1623
1932
2241
2550
2859
3168
3477
3787
4094
3785
3476
3167
2858
2549
2240
1931
1622
1312
1003
694
385
76
235
544
853
1162
1025
1334
1643
1952
2261
2570
2879
3188
3497
3806
4075
3765
3456
3147
2838
2529
2220
1911
1602
1293
984
674
365
56
255
564
873
1182
1491
1800
2109
2419
2728
3037
3346
3655
3964
3917
3608
3299
2990
2681
2371
2062
1753
1444
1135
826
517
208
103
412
722
1031
1340
1649
1958
2267
2576
2885
3194
3503
3813
4068
3759
3450
3141
2832
2523
2214
1905
1596
1287
977
668
359
50
261
570
879
1188
1497
1806
2116
2425
2734
3043
3352
3661
3970
3911
3602
3293
2983
2674
2365
2056
1747
1438
1129
820
511
202
109
419
728
1037
1346
1655
1964
2273
2582
2891
3200
3510
3819
4062
3753
3444
3135
2826
2517
2208
1899
1589
1280
971
662
353
44
267
576
885
1194
1503
2048
2357
2666
2975
3284
3593
3903
3978
3669
3360
3051
2742
2433
2124
1815
1506
1196
887
578
269
42
351
660
969
1278
1587
1897
2206
2515
2824
3133
3442
3751
4060
3821
3512
3203
2893
2584
2275
1966
1657
1348
1039
730
421
112
200
509
818
1127
1436
1745
2054
2363
2672
2981
3291
3600
3909
3972
3663
3354
3045
2736
2427
2118
1809
1499
1190
881
572
263
48
357
666
975
1284
1594
1903
2212
2521
2830
3139
3448
3757
4066
3815
3505
3196
2887
2578
2269
1960
1651
1342
1033
724
414
105
206
515
824
1133
1442
1751
2060
2369
2678
2988
3297
3606
3915
3966
3657
3348
3039
2730
2421
2111
1802
1493
1184
875
566
257
54
363
672
982
1291
1600
1909
2218
2527
2730
3039
3349
3658
3967
3914
3605
3296
2987
2678
2369
2060
1751
1441
1132
823
514
205
106
415
724
1033
1342
1652
1961
2270
2579
2888
3197
3506
3815
4066
3757
3447
3138
2829
2520
2211
1902
1593
1284
975
666
356
47
264
573
882
1191
1500
1809
2118
2427
2736
3046
3355
3664
3973
3908
3599
3290
2981
2672
2363
2053
1744
1435
1126
817
508
199
112
421
730
1040
1349
1658
1967
2276
2585
2894
3203
3512
3821
4060
3750
3441
3132
2823
2514
2205
1896
1587
1278
969
659
350
41
270
579
888
1197
1506
1815
2124
2434
2743
3052
3361
3670
3979
3902
3593
3284
2975
2666
2356
2047
1738
1429
1120
811
502
193
118
427
737
1046
1355
1664
1973
2282
2591
2900
3209
1
11
21
32
42
52
62
73
83
93
103
114
124
134
144
155
165
175
185
195
206
216
226
236
247
257
267
277
288
298
308
318
329
339
349
359
369
380
390
400
410
421
431
441
451
462
472
482
492
503
513
523
533
543
554
564
574
584
595
605
615
625
636
646
656
666
677
687
697
707
717
728
738
748
758
769
779
789
799
810
820
830
840
851
861
871
881
891
902
912
922
932
943
953
963
973
984
994
1004
1014
1025
1035
1045
1055
1065
1076
1086
1096
1106
1117
1127
1137
1147
1158
1168
1178
1188
1198
1209
1219
1229
1239
1250
1260
1270
1280
1291
1301
1311
1321
1332
1342
1352
1362
1372
683
694
704
714
724
735
745
755
765
775
786
796
806
816
827
837
847
857
868
878
888
898
909
919
929
939
949
960
970
980
990
1001
1011
1021
1031
1042
1052
1062
1072
1082
1093
1103
1113
1123
1134
1144
1154
1164
1175
1185
1195
1205
1216
1226
1236
1246
1256
1267
1277
1287
1297
1308
1318
1328
1338
1349
1359
1369
1379
1390
1400
1410
1420
1430
1441
1451
1461
1471
1482
1492
1502
1512
1523
1533
1543
1553
1564
1574
1584
1594
1604
1615
1625
1635
1645
1656
1666
1676
1686
1697
1707
1717
1727
1738
1748
1758
1768
1778
1789
1799
1809
1819
1830
1840
1850
1860
1871
1881
1891
1901
1912
1922
1932
1942
1952
1963
1973
1983
1993
2004
2014
2024
2034
2045
2055
1025
1035
1045
1055
1065
1076
1086
1096
1106
1117
1127
1137
1147
1158
1168
1178
1188
1198
1209
1219
1229
1239
1250
1260
1270
1280
1291
1301
1311
1321
1332
1342
1352
1362
1372
1383
1393
1403
1413
1424
1434
1444
1454
1465
1475
1485
1495
1506
1516
1526
1536
1546
1557
1567
1577
1587
1598
1608
1618
1628
1639
1649
1659
1669
1680
1690
1700
1710
1720
1731
1741
1751
1761
1772
1782
1792
1802
1813
1823
1833
1843
1854
1864
1874
1884
1894
1905
1915
1925
1935
1946
1956
1966
1976
1987
1997
2007
2017
2028
2038
2048
2058
2068
2079
2089
2099
2109
2120
2130
2140
2150
2161
2171
2181
2191
2202
2212
2222
2232
2242
2253
2263
2273
2283
2294
2304
2314
2324
2335
2345
2355
2365
2376
2386
2396
2048
2058
2068
2079
2089
2099
2109
2120
2130
2140
2150
2161
2171
2181
2191
2202
2212
2222
2232
2242
2253
2263
2273
2283
2294
2304
2314
2324
2335
2345
2355
2365
2376
2386
2396
2406
2416
2427
2437
2447
2457
2468
2478
2488
2498
2509
2519
2529
2539
2550
2560
2570
2580
2590
2601
2611
2621
2631
2642
2652
2662
2672
2683
2693
2703
2713
2724
2734
2744
2754
2764
2775
2785
2795
2805
2816
2826
2836
2846
2857
2867
2877
2887
2898
2908
2918
2928
2938
2949
2959
2969
2979
2990
3000
3010
3020
3031
3041
3051
3061
3072
3082
3092
3102
3112
3123
3133
3143
3153
3164
3174
3184
3194
3205
3215
3225
3235
3245
3256
3266
3276
3286
3297
3307
3317
3327
3338
3348
3358
3368
3379
3389
3399
3409
3419
2730
2741
2751
2761
2771
2782
2792
2802
2812
2822
2833
2843
2853
2863
2874
2884
2894
2904
2915
2925
2935
2945
2956
2966
2976
2986
2996
3007
3017
3027
3037
3048
3058
3068
3078
3089
3099
3109
3119
3129
3140
3150
3160
3170
3181
3191
3201
3211
3222
3232
3242
3252
3263
3273
3283
3293
3303
3314
3324
3334
3344
3355
3365
3375
3385
3396
3406
3416
3426
3437
3447
3457
3467
3477
3488
3498
3508
3518
3529
3539
3549
3559
3570
3580
3590
3600
3611
3621
3631
3641
3651
3662
3672
3682
3692
3703
3713
3723
3733
3744
3754
3764
3774
3785
3795
3805
3815
3825
3836
3846
3856
3866
3877
3887
3897
3907
3918
3928
3938
3948
3959
3969
3979
3989
3999
4010
4020
4030
4040
4051
4061
4071
4081
4092
4088
1
410
820
1229
1639
2048
2457
2867
3276
3686
4095
3686
3276
2867
2457
2048
1639
1229
820
410
1
410
820
1229
1639
2048
2457
2867
3276
3686
4095
3686
3276
2867
2457
2048
1639
1229
820
410
1
410
820
1229
1639
2048
2457
2867
3276
3686
4095
3686
3276
2867
2457
2048
1639
1229
820
410
1
410
820
1229
1639
2048
2457
2867
3276
3686
4095
3686
3276
2867
2457
2048
1639
1229
820
410
1
410
820
1229
1639
2048
2457
2867
3276
3686
4095
3686
3276
2867
2457
2048
1639
1229
820
410
1
410
820
1229
1639
2048
2457
2867
3276
3686
4095
3686
3276
2867
2457
2048
1639
1229
820
410
1
410
820
1229
1639
2048
2457
2867
3276
3686
4095
3686
3276
2867
2457
683
1093
1502
1912
2321
2730
3140
3549
3959
3822
3413
3003
2594
2184
1775
1366
956
547
137
274
683
1093
1502
1912
2321
2730
3140
3549
3959
3822
3413
3003
2594
2184
1775
1366
956
547
137
274
683
1093
1502
1912
2321
2730
3140
3549
3959
3822
3413
3003
2594
2184
1775
1366
956
547
137
274
683
1093
1502
1912
2321
2730
3140
3549
3959
3822
3413
3003
2594
2184
1775
1366
956
547
137
274
683
1093
1502
1912
2321
2730
3140
3549
3959
3822
3413
3003
2594
2184
1775
1366
956
547
137
274
683
1093
1502
1912
2321
2730
3140
3549
3959
3822
3413
3003
2594
2184
1775
1366
956
547
137
274
683
1093
1502
1912
2321
2730
3140
3549
3959
3822
3413
3003
2594
2184
1775
1025
1434
1843
2253
2662
3072
3481
3890
3890
3481
3072
2662
2253
1843
1434
1025
615
206
206
615
1025
1434
1843
2253
2662
3071
3481
3890
3890
3481
3071
2662
2253
1843
1434
1025
615
206
206
615
1025
1434
1843
2253
2662
3071
3481
3890
3890
3481
3071
2662
2253
1843
1434
1025
615
206
206
615
1025
1434
1843
2253
2662
3071
3481
3890
3890
3481
3072
2662
2253
1843
1434
1025
615
206
206
615
1025
1434
1843
2253
2662
3072
3481
3890
3890
3481
3071
2662
2253
1843
1434
1025
615
206
206
615
1024
1434
1843
2253
2662
3071
3481
3890
3890
3481
3072
2662
2253
1843
1434
1025
615
206
206
615
1024
1434
1843
2253
2662
3071
3481
3890
3890
3481
3072
2662
2253
1843
1434
2048
2457
2867
3276
3686
4095
3686
3276
2867
2457
2048
1639
1229
820
410
1
410
820
1229
1639
2048
2457
2867
3276
3686
4095
3686
3276
2867
2457
2048
1639
1229
820
410
1
410
820
1229
1639
2048
2457
2867
3276
3686
4095
3686
3276
2867
2457
2048
1639
1229
820
410
1
410
820
1229
1639
2048
2457
2867
3276
3686
4095
3686
3276
2867
2457
2048
1639
1229
820
410
1
410
820
1229
1639
2048
2457
2867
3276
3686
4095
3686
3276
2867
2457
2048
1639
1229
820
410
1
410
820
1229
1639
2048
2457
2867
3276
3686
4095
3686
3276
2867
2457
2048
1639
1229
820
410
1
410
820
1229
1639
2048
2457
2867
3276
3686
4095
3686
3276
2867
2457
2048
1639
1229
820
410
2730
3140
3549
3959
3822
3413
3003
2594
2184
1775
1366
956
547
137
274
683
1093
1502
1912
2321
2730
3140
3549
3959
3822
3413
3003
2594
2184
1775
1366
956
547
137
274
683
1093
1502
1912
2321
2730
3140
3549
3959
3822
3413
3003
2594
2184
1775
1366
956
547
137
274
683
1093
1502
1912
2321
2730
3140
3549
3959
3822
3413
3003
2594
2184
1775
1366
956
547
137
274
683
1093
1502
1912
2321
2730
3140
3549
3959
3822
3413
3003
2594
2184
1775
1366
956
547
137
274
683
1093
1502
1912
2321
2730
3140
3549
3959
3822
3413
3003
2594
2184
1775
1366
956
547
137
274
683
1093
1502
1912
2321
2730
3140
3549
3959
3822
3413
3003
2594
2184
1775
1366
956
547
137
274
